3387162624  3387293695  1211629568  1212153855  0  65535  3001  3001  149  
3270359296  3270359551  2147483648  4294967295  0  65535  20555  20555  122  
2147483648  4294967295  1664658844  1664658844  0  65535  80  80  577  
3387382272  3387382527  0  4294967295  0  65535  51790  51790  97  
2412249088  2412314623  3385160462  3385160463  0  65535  3116  3116  287  
2839135056  2839135071  4230418766  4230418766  0  65535  761  761  844  
2839135056  2839135071  0  4294967295  0  65535  1024  65535  140  
2738470912  2738472959  4230433921  4230433921  0  65535  53  53  717  
2698611712  2698612735  0  4294967295  0  65535  137  138  50  
2693720704  2693720831  2839100138  2839100139  0  65535  514  514  448  
2698611040  2698611071  2412325512  2412325512  0  65535  25027  25027  821  
0  4294967295  2738446980  2738446980  0  65535  514  514  562  
2698510336  2699034623  4230438504  4230438505  0  65535  0  65535  180  
2698611200  2698611711  0  4294967295  0  65535  161  162  69  
2809526272  2809526399  4230416588  4230416591  0  65535  514  514  433  
3387382656  3387382659  3384481152  3384481152  0  65535  7426  7426  868  
3387162624  3387293695  2412456785  2412456785  0  65535  123  123  657  
2693721088  2693722111  4230433872  4230433873  0  65535  69  69  374  
2702671872  2702672127  4230433922  4230433923  0  65535  5015  5015  428  
2412314880  2412315135  2698615776  2698615807  0  65535  135  135  338  
3387383808  3387391999  0  4294967295  0  65535  5000  5000  21  
2698610944  2698611007  1664658844  1664658844  0  65535  1024  65535  630  
0  4294967295  2809165361  2809165361  0  65535  1024  65535  520  
3386900480  3388997631  4230438752  4230438783  0  65535  123  123  211  
2909601792  2909603839  4230422448  4230422449  0  65535  0  65535  286  
3415619145  3415619145  2366733500  2366733500  0  65535  514  514  953  
3387381760  3387382271  4230438744  4230438744  0  65535  5190  5190  737  
2839085056  2839150591  4230422444  4230422444  0  65535  53  53  689  
3387381760  3387382271  2147483648  4294967295  0  65535  760  761  88  
2738474752  2738475007  4230433921  4230433921  0  65535  20  21  728  
3489223680  3489224191  2147483648  3221225471  0  65535  514  514  114  
3489136640  3489660927  3318553589  3318553589  0  65535  0  65535  548  
0  4294967295  2698451736  2698451739  0  65535  3030  3030  163  
0  4294967295  0  4294967295  0  65535  0  65535  0  
3387381760  3387382271  3387424566  3387424566  0  65535  1024  65535  602  
3270246400  3270311935  2536911146  2536911146  0  65535  514  514  684  
3386900480  3388997631  4230438752  4230438783  0  65535  754  754  212  
2738473984  2738474495  2738446868  2738446868  0  65535  9993  9993  743  
2698611072  2698611199  0  4294967295  0  65535  20  21  108  
3387382672  3387382687  2412319232  2412319247  0  65535  2105  2105  435  
3270359168  3270359199  2243777855  2243777855  0  65535  0  65535  587  
2412314652  2412314655  3387935741  3387935741  0  65535  88  88  876  
232948992  232949247  831324788  831324789  0  65535  1024  65535  234  
3270359232  3270359295  2205674040  2205674040  0  65535  161  161  803  
3387382784  3387383807  2412454024  2412454025  0  65535  25  25  371  
2232352768  2232418303  3360555008  3360620543  0  65535  162  162  202  
2007972500  2007972503  958580516  958580516  0  65535  514  514  877  
3489540352  3489540607  4230438504  4230438505  0  65535  80  80  420  
3386900480  3387949055  2412368048  2412368063  0  65535  5190  5190  229  
3387382656  3387382659  2411724800  2412249087  0  65535  2344  2344  249  
2693720596  2693720599  4230433874  4230433874  0  65535  9993  9993  872  
3387382663  3387382663  4230438746  4230438747  0  65535  37  37  918  
3387382272  3387382527  2147483648  4294967295  0  65535  2010  2011  98  
3489224384  3489224447  4230438464  4230438495  0  65535  80  80  379  
3489223680  3489224191  2315316736  2315316799  0  65535  3015  3015  309  
2412314656  2412314687  3387935573  3387935573  0  65535  1024  65535  643  
3387382720  3387382783  4230437888  4230438399  0  65535  9000  9000  304  
3489224352  3489224383  1211601918  1211601918  0  65535  5540  5540  817  
2698641408  2698772479  4227858432  4261412863  0  65535  2106  2109  29  
3387379712  3387381759  2412368044  2412368045  0  65535  0  65535  207  
3387382720  3387382783  1211608288  1211608319  0  65535  5810  5810  378  
3387382660  3387382661  2412319253  2412319253  0  65535  135  135  881  
3489224448  3489224703  2147483648  4294967295  0  65535  5190  5190  121  
2839135048  2839135051  2839086269  2839086269  0  65535  55666  55666  873  
3415619145  3415619145  2315316722  2315316722  0  65535  3306  3306  955  
3387375616  3387379711  2412325512  2412325512  0  65535  23  23  708  
3387382272  3387382527  2412368064  2412368127  0  65535  88  88  315  
3387293696  3387359231  3387422192  3387422193  0  65535  443  443  282  
2738474656  2738474671  1664658844  1664658844  0  65535  5540  5540  843  
1157365760  1157496831  939022377  939022377  0  65535  5190  5190  667  
3387375616  3387379711  3512518373  3512518373  0  65535  3015  3015  710  
2839134208  2839150591  2412773376  2413821951  0  65535  5010  5015  148  
2698641408  2698772479  4230433874  4230433874  0  65535  514  514  659  
2147483648  3221225471  0  4294967295  0  65535  137  138  10  
2693720704  2693720831  1664658844  1664658844  0  65535  2852  2852  787  
2698611009  2698611009  2698672489  2698672489  0  65535  3206  3206  979  
3386900480  3388997631  4230438720  4230438735  0  65535  514  514  214  
3270359168  3270359199  4230438504  4230438505  0  65535  25  25  474  
3489224192  3489224319  4230438656  4230438719  0  65535  5190  5190  329  
2809495552  2809511935  4231004160  4232052735  0  65535  5001  5001  168  
3387382663  3387382663  4230438744  4230438744  0  65535  69  69  948  
2412249088  2412314623  2411975028  2411975028  0  65535  5540  5540  690  
3387382663  3387382663  2412368044  2412368045  0  65535  5902  5902  917  
2698610688  2698610943  0  4294967295  0  65535  443  443  100  
3387382528  3387382655  2412325520  2412325535  0  65535  9993  9993  364  
2698611010  2698611011  2698910116  2698910116  0  65535  25  25  897  
0  4294967295  2698448896  2698450943  0  65535  0  65535  24  
3489224336  3489224337  2315316720  2315316721  0  65535  754  754  504  
2698611040  2698611071  2412325514  2412325515  0  65535  25  25  476  
0  4294967295  2809955328  2809955583  0  65535  0  65535  84  
3270359208  3270359211  4230438508  4230438511  0  65535  1825  1825  489  
3387382784  3387383807  2412319504  2412319519  0  65535  3106  3106  321  
2412314624  2412314639  4053290326  4053290327  0  65535  3333  3333  485  
2839135052  2839135053  1703661042  1703661043  0  65535  3106  3106  511  
2738473984  2738474495  2412325512  2412325512  0  65535  5000  5000  742  
3270359296  3270359551  2698609888  2698609903  0  65535  3015  3015  354  
2696937472  2701131775  2412325536  2412325567  0  65535  8000  8000  208  
3387162624  3387293695  2412456786  2412456787  0  65535  8080  8080  268  
3221225472  4294967295  2205677428  2205677428  0  65535  0  65535  514  
3415617536  3415618559  4230438752  4230438783  0  65535  55666  55666  301  
3489224704  3489226751  3387277566  3387277567  0  65535  3001  3001  348  
3387392000  3387424767  2412455945  2412455945  0  65535  860  909  634  
3270359232  3270359295  2315316784  2315316799  0  65535  69  69  409  
2809528320  2809659391  1664658844  1664658844  0  65535  0  65535  552  
3489529856  3489595391  4230438507  4230438507  0  65535  5190  5190  682  
3387382720  3387382783  0  4294967295  0  65535  137  138  127  
2698611712  2698612735  0  4294967295  0  65535  4444  4444  58  
3489136640  3489660927  3488898080  3488898111  0  65535  514  514  222  
2698510336  2698575871  4230433874  4230433874  0  65535  0  65535  543  
3387382528  3387382655  0  4294967295  0  65535  162  162  116  
2698611009  2698611009  2412325512  2412325512  0  65535  1024  65535  699  
3387382663  3387382663  2412318827  2412318827  0  65535  1024  65535  695  
2697986048  2699034623  2382364672  2399141887  0  65535  123  123  27  
3387382272  3387382527  4230438746  4230438747  0  65535  1024  65535  232  
2839135072  2839135103  2839126016  2839127039  0  65535  4444  4444  313  
3270359040  3270359167  0  4294967295  0  65535  8991  8993  106  
2702672384  2702672895  4230433928  4230433935  0  65535  514  514  357  
3489224339  3489224339  4230438746  4230438747  0  65535  514  514  924  
2698510336  2699034623  2698451742  2698451743  0  65535  3114  3114  265  
2809526528  2809526783  4230417550  4230417551  0  65535  0  65535  220  
2412314640  2412314647  2698616064  2698616064  0  65535  5050  5050  857  
3029860352  3030384639  2412325514  2412325515  0  65535  53  53  266  
3387382688  3387382719  3270159054  3270159054  0  65535  80  80  810  
2698610688  2698610943  3221225472  4294967295  0  65535  4014  4014  135  
3387293696  3387359231  4231004160  4232052735  0  65535  25  25  145  
3270377472  3270508543  2205657396  2205657396  0  65535  20  21  651  
3387382663  3387382663  4230438748  4230438751  0  65535  3000  3010  809  
2412314656  2412314687  4053468458  4053468458  0  65535  0  65535  623  
2738473984  2738474495  4230433952  4230433983  0  65535  514  514  318  
0  4294967295  3204743640  3204743641  0  65535  0  65535  157  
3270359208  3270359211  2147483648  4294967295  0  65535  514  514  192  
3415619328  3415619583  0  4294967295  0  65535  3000  3010  86  
2698610944  2698611007  2412325514  2412325515  0  65535  25  25  463  
2147483648  4294967295  1459898580  1459898581  0  65535  1024  65535  185  
3415619200  3415619327  2378659284  2378659285  0  65535  3106  3106  445  
3597460606  3597460607  4230438507  4230438507  0  65535  514  514  895  
2698611040  2698611071  4230433874  4230433874  0  65535  1024  65535  640  
2412314651  2412314651  2412325512  2412325512  0  65535  3106  3106  988  
3387382663  3387382663  2412319029  2412319029  0  65535  69  69  939  
2809397248  2809659391  2809165376  2809165439  0  65535  5050  5050  228  
2698611009  2698611009  1088059312  1088059313  0  65535  5015  5015  927  
3386900480  3388997631  2412368044  2412368045  0  65535  0  65535  175  
2839136256  2839138303  4230422444  4230422444  0  65535  88  88  718  
3387293696  3387359231  4230438720  4230438735  0  65535  3015  3015  259  
3387382528  3387382655  2412453978  2412453979  0  65535  162  162  444  
3387382663  3387382663  3270159002  3270159002  0  65535  25  25  945  
2412314880  2412315135  2412456785  2412456785  0  65535  0  65535  601  
3270359216  3270359231  4230438507  4230438507  0  65535  0  65535  588  
3415605248  3415613439  4230438752  4230438783  0  65535  20300  20300  270  
2697986048  2699034623  4244635648  4261412863  0  65535  754  754  28  
2809526432  2809526463  4230415076  4230415077  0  65535  3106  3106  478  
3415617536  3415618559  4230438752  4230438783  0  65535  5001  5001  302  
3270359552  3270360063  2698592080  2698592087  0  65535  162  162  356  
3387382688  3387382719  3489276116  3489276119  0  65535  1701  1701  453  
3387382720  3387382783  3387374332  3387374332  0  65535  1024  65535  627  
3386900480  3387949055  2412325512  2412325512  0  65535  69  69  632  
2693721088  2693722111  4230433872  4230433873  0  65535  5190  5190  373  
2839019520  2839150591  2698615773  2698615773  0  65535  25  25  662  
1211598152  1211598159  805927768  805927768  0  65535  4011  4014  823  
2839136256  2839138303  0  4294967295  0  65535  6116  6116  40  
3387382660  3387382661  2412454022  2412454023  0  65535  80  80  502  
3270359213  3270359213  3320018372  3320018372  0  65535  1024  65535  697  
3270359040  3270359167  4230438507  4230438507  0  65535  3100  3101  750  
2738487296  2738618367  4230416483  4230416483  0  65535  3106  3106  661  
3489224448  3489224703  4230438720  4230438735  0  65535  514  514  352  
2839135232  2839136255  2147483648  4294967295  0  65535  3333  3333  76  
2147483648  4294967295  1211601919  1211601919  0  65535  1024  65535  528  
3270359200  3270359207  2698591252  2698591253  0  65535  53  53  492  
3387382663  3387382663  3270162256  3270162271  0  65535  44645  44645  826  
3489540225  3489540225  4230438507  4230438507  0  65535  4011  4014  859  
3387382660  3387382661  0  4294967295  0  65535  5002  5002  170  
2738474684  2738474685  0  4294967295  0  65535  3106  3106  181  
3415619146  3415619147  0  4294967295  0  65535  37  37  177  
2693720064  2693720575  4230433888  4230433919  0  65535  80  80  317  
3415618560  3415619071  2366729978  2366729979  0  65535  3106  3106  394  
3415638016  3415670783  2366733762  2366733763  0  65535  69  69  291  
3415619152  3415619167  3415613440  3415615487  0  65535  161  161  299  
3387293696  3387359231  2412456704  2412456767  0  65535  55666  55666  244  
3387382672  3387382687  4230438744  4230438744  0  65535  123  123  828  
0  4294967295  2702314640  2702314640  0  65535  161  162  551  
3387382672  3387382687  2412367872  2412367999  0  65535  25  25  365  
3386900480  3387424767  2412319254  2412319255  0  65535  5002  5002  264  
3415619328  3415619583  2378596788  2378596789  0  65535  33433  33553  298  
3387382528  3387382655  2412325536  2412325567  0  65535  53  53  358  
2809523008  2809523071  2809956742  2809956743  0  65535  514  514  465  
3415619145  3415619145  2315316722  2315316722  0  65535  25  25  956  
2412249088  2412314623  2147483648  4294967295  0  65535  7050  7300  16  
3387382720  3387382783  2412319488  2412319488  0  65535  1024  65535  626  
2698610688  2698610943  2147483648  4294967295  0  65535  139  139  123  
3387382660  3387382661  2412511232  2412773375  0  65535  5000  5000  267  
3387381760  3387382271  0  4294967295  0  65535  123  123  78  
3489540233  3489540233  2315316746  2315316747  0  65535  1024  65535  669  
3387382664  3387382671  4230438748  4230438751  0  65535  42  42  481  
3415619200  3415619327  4230438746  4230438747  0  65535  2010  2011  413  
3415619328  3415619583  3415566881  3415566881  0  65535  514  514  767  
3387382672  3387382687  4230438744  4230438744  0  65535  3333  3333  829  
232973421  232973421  1211605666  1211605667  0  65535  139  139  934  
3387382784  3387383807  2147483648  4294967295  0  65535  514  514  72  
3387382720  3387382783  2366732640  2366732655  0  65535  4444  4444  405  
3415670784  3415736319  1211601919  1211601919  0  65535  3106  3106  681  
2698611072  2698611199  2412325514  2412325515  0  65535  0  65535  197  
0  4294967295  2698673498  2698673498  0  65535  1024  65535  516  
3387379712  3387381759  0  4294967295  0  65535  1521  1521  36  
2698611009  2698611009  4230433874  4230433874  0  65535  3100  3101  908  
3415619145  3415619145  0  4294967295  0  65535  1024  65535  524  
2839085056  2839150591  1645387042  1645387043  0  65535  3106  3106  284  
2147483648  4294967295  0  4294967295  4000  4000  1024  65535  4  
2147483648  4294967295  1211608578  1211608578  0  65535  1024  65535  527  
2809528320  2809659391  2412325520  2412325535  0  65535  3106  3106  255  
3489224448  3489224703  3488877664  3488877695  0  65535  2105  2105  336  
2412314880  2412315135  3384489476  3384489477  0  65535  1111  1111  432  
2232408292  2232408295  3355622060  3355622061  0  65535  69  69  499  
3387382528  3387382655  3387376418  3387376419  0  65535  0  65535  196  
3387382272  3387382527  4230438752  4230438783  0  65535  25027  25027  334  
0  2147483647  2698673496  2698673497  0  65535  5741  5741  205  
3415619152  3415619167  2315316722  2315316722  0  65535  1701  1701  838  
3270359040  3270359167  2205657396  2205657396  0  65535  25  25  783  
3387382664  3387382671  2412325512  2412325512  0  65535  3106  3106  850  
2698608640  2698610687  1664658846  1664658847  0  65535  9993  9993  349  
2698611072  2698611199  2412325514  2412325515  0  65535  0  65535  221  
3489223680  3489224191  2147483648  4294967295  0  65535  135  135  110  
2147483648  4294967295  0  4294967295  0  65535  5190  5190  3  
2412315648  2412316671  0  4294967295  0  65535  4444  4444  59  
2698610944  2698611007  4230433792  4230433855  0  65535  3340  3340  351  
3387382528  3387382655  1211605665  1211605665  0  65535  3114  3114  779  
3270359168  3270359199  2205657398  2205657399  0  65535  8080  8080  473  
3387382272  3387382527  1211605760  1211606015  0  65535  80  80  288  
3270360064  3270361087  4230438507  4230438507  0  65535  80  80  724  
2412315136  2412315647  4053468416  4053468447  0  65535  514  514  319  
0  4294967295  2809165560  2809165560  0  65535  514  514  565  
2698611200  2698611711  4230433872  4230433873  0  65535  4444  4444  396  
3387382272  3387382527  2412368047  2412368047  0  65535  514  514  755  
2412314651  2412314651  2698616066  2698616067  0  65535  4444  4444  933  
3387382663  3387382663  2412319498  2412319498  0  65535  443  443  937  
3387382528  3387382655  0  4294967295  0  65535  761  761  115  
2412315648  2412316671  3385160864  3385160879  0  65535  25  25  325  
2698610688  2698610943  4230438504  4230438505  0  65535  162  162  424  
2698610688  2698610943  4230433872  4230433873  0  65535  3300  3300  426  
2738421760  2738454527  2412325568  2412325631  0  65535  3106  3106  252  
2702671872  2702672127  2412325514  2412325515  0  65535  9993  9993  427  
3387382784  3387383807  2412319520  2412319551  0  65535  88  88  300  
3387392000  3387424767  2411724800  2412249087  0  65535  3300  3300  153  
3387382720  3387382783  2412368048  2412368063  0  65535  754  754  404  
3489136640  3489660927  1211166548  1211166549  0  65535  0  65535  143  
0  4294967295  2698451736  2698451739  0  65535  1024  65535  147  
2698610688  2698610943  4230433874  4230433874  0  65535  0  65535  555  
3387392000  3387424767  4227858432  4261412863  0  65535  6664  6665  71  
2839134720  2839134975  0  4294967295  0  65535  20  21  92  
3387383808  3387391999  1211605665  1211605665  0  65535  3101  3101  705  
3489224339  3489224339  2315316720  2315316721  0  65535  5190  5190  923  
3270359168  3270359199  2698612480  2698612511  0  65535  5190  5190  390  
3387382663  3387382663  4230438744  4230438744  0  65535  123  123  936  
3489224352  3489224383  4230438464  4230438495  0  65535  20555  20555  389  
3415605248  3415613439  0  4294967295  0  65535  839  848  18  
3270359213  3270359213  2205657398  2205657399  0  65535  1024  65535  670  
3415619168  3415619199  2315316720  2315316721  0  65535  3015  3015  470  
3387162624  3387293695  2412456800  2412456831  0  65535  135  135  246  
2738356224  2738880511  2717908992  2751463423  0  65535  53  53  31  
2412249088  2412380159  2698615763  2698615763  0  65535  5190  5190  664  
3415619072  3415619135  2315316704  2315316719  0  65535  139  139  407  
2697986048  2699034623  0  4294967295  0  65535  0  65535  12  
3270359213  3270359213  2536911524  2536911527  0  65535  443  443  860  
1273327616  1273331711  1273344928  1273344929  0  65535  514  514  343  
3387382672  3387382687  2412457620  2412457621  0  65535  3106  3106  484  
3387293696  3387359231  3416106838  3416106839  0  65535  5190  5190  280  
2702672320  2702672335  2702650720  2702650751  0  65535  37  37  415  
1240685184  1240685311  1240478782  1240478783  0  65535  3456  3456  450  
3489223680  3489224191  2315316739  2315316739  0  65535  3106  3108  720  
2693720640  2693720703  2412325536  2412325567  0  65535  3340  3340  380  
2007957504  2008023039  2698672352  2698672383  0  65535  754  754  257  
2809526784  2809527295  4230417552  4230417567  0  65535  25  25  331  
2147483648  4294967295  1664658840  1664658843  0  65535  1024  65535  162  
2839135052  2839135053  4230418767  4230418767  0  65535  8080  8080  903  
2412315136  2412315647  2698615776  2698615807  0  65535  80  80  320  
3387382672  3387382687  2412453976  2412453976  0  65535  754  754  833  
3387382688  3387382719  2412318821  2412318821  0  65535  1024  65535  636  
2412314651  2412314651  3385176602  3385176602  0  65535  20  21  909  
0  4294967295  2738447360  2738448383  0  65535  0  65535  42  
3512474322  3512474322  3512522953  3512522953  0  65535  3106  3108  878  
2738421760  2738454527  1664658844  1664658844  0  65535  0  65535  573  
3489224384  3489224447  1211600896  1211601407  0  65535  514  514  308  
2411724800  2415919103  0  4294967295  0  65535  0  65535  11  
3387382528  3387382655  0  4294967295  0  65535  20  21  107  
2702673920  2702675967  0  4294967295  0  65535  514  514  39  
3270359552  3270360063  0  4294967295  0  65535  5190  5190  80  
3387382663  3387382663  2366732566  2366732567  0  65535  29300  29301  862  
3415619200  3415619327  2366728576  2366728607  0  65535  5190  5190  360  
3387382272  3387382527  2412368047  2412368047  0  65535  3333  3333  753  
0  2147483647  2698672338  2698672338  0  65535  5001  5001  582  
3387382660  3387382661  2412457567  2412457567  0  65535  80  80  886  
3386900480  3388997631  2413821952  2415919103  0  65535  2010  2011  37  
2698612736  2698616831  2147483648  4294967295  0  65535  2010  2011  30  
3387382528  3387382655  2412455936  2412455937  0  65535  4106  4106  443  
3489222656  3489223679  0  4294967295  0  65535  22014  22029  49  
2808086528  2810183679  4230479872  4231004159  0  65535  33433  33553  66  
2698611024  2698611039  4230434304  4230434815  0  65535  5190  5190  344  
2698611712  2698612735  4230438507  4230438507  0  65535  1024  65535  597  
3387382528  3387382655  2412456704  2412456767  0  65535  5010  5010  328  
2702672184  2702672191  4230433921  4230433921  0  65535  25  25  856  
2412314880  2412315135  2698616066  2698616067  0  65535  1701  1701  430  
2839019520  2839150591  2412325512  2412325512  0  65535  29301  29301  663  
3415638016  3415670783  3405774848  3422552063  0  65535  3000  3010  53  
2809511936  2809520127  0  4294967295  0  65535  860  909  14  
3270359296  3270359551  1088056832  1088056863  0  65535  5001  5001  337  
3387382660  3387382661  2412368047  2412368047  0  65535  80  80  883  
3489540200  3489540203  2315316777  2315316777  0  65535  53  53  870  
2147483648  4294967295  1664658844  1664658844  0  65535  80  80  580  
3270359232  3270359295  3265004204  3265004204  0  65535  1701  1701  802  
3415617536  3415618559  2366728624  2366728639  0  65535  514  514  322  
3387382720  3387382783  3387424706  3387424707  0  65535  3101  3101  460  
3415619146  3415619147  3270163191  3270163191  0  65535  139  139  889  
3387381760  3387382271  2147483648  4294967295  0  65535  20  21  89  
2147483648  4294967295  1664658816  1664658879  0  65535  1024  65535  128  
3269984256  3270508543  3320026362  3320026363  0  65535  0  65535  193  
1334853173  1334853173  0  4294967295  0  65535  1024  65535  525  
2738474752  2738475007  4230433922  4230433923  0  65535  543  545  401  
0  4294967295  2693693545  2693693545  0  65535  1024  65535  518  
3270352896  3270356991  4230438507  4230438507  0  65535  1024  65535  590  
3269459968  3270508543  2698591689  2698591689  0  65535  0  65535  534  
3387382663  3387382663  2412368047  2412368047  0  65535  42  42  942  
3387382664  3387382671  2412325632  2412325887  0  65535  1521  1521  363  
3489540096  3489540159  3489543119  3489543119  0  65535  4443  4443  801  
3387293696  3387359231  0  4294967295  0  65535  20  21  17  
3387382528  3387382655  1211605666  1211605667  0  65535  1024  65535  236  
3415619200  3415619327  4230438744  4230438744  0  65535  1111  1111  782  
3270359200  3270359207  1273339232  1273339233  0  65535  20  21  483  
3270359296  3270359551  1273344943  1273344943  0  65535  0  65535  554  
3489136640  3489202175  4230438507  4230438507  0  65535  0  65535  568  
3386900480  3387424767  2412368048  2412368063  0  65535  8080  8080  235  
3489224344  3489224345  2315316720  2315316721  0  65535  3106  3108  493  
3387382663  3387382663  4230438744  4230438744  0  65535  80  80  951  
2693720832  2693721087  4230433856  4230433871  0  65535  3456  3456  355  
3387382688  3387382719  2412455952  2412455967  0  65535  7426  7426  412  
3387382663  3387382663  4230438744  4230438744  0  65535  20  21  907  
2698611009  2698611009  2698612552  2698612552  0  65535  383  383  972  
3387382660  3387382661  0  4294967295  0  65535  3015  3015  172  
3387293696  3387359231  2412368044  2412368045  0  65535  3114  3114  281  
2698610688  2698610943  4230433874  4230433874  0  65535  1024  65535  612  
2147483648  4294967295  1211605665  1211605665  0  65535  4120  5120  541  
2698575872  2698608639  2698615774  2698615775  0  65535  3106  3106  294  
3387293696  3387359231  2412319033  2412319033  0  65535  69  69  676  
3387293696  3387359231  2412453976  2412453976  0  65535  1024  65535  570  
0  4294967295  2809165800  2809165803  0  65535  1024  65535  142  
3387381760  3387382271  0  4294967295  0  65535  514  514  79  
3387382663  3387382663  2412456798  2412456799  0  65535  5166  5166  920  
3489136640  3489202175  0  4294967295  0  65535  0  65535  8  
3386900480  3387424767  2412368047  2412368047  0  65535  0  65535  546  
2693660672  2693693439  2693147672  2693147673  0  65535  514  514  295  
2698611010  2698611011  4230433872  4230433873  0  65535  2010  2011  494  
3387382660  3387382661  0  4294967295  0  65535  119  119  173  
2839135104  2839135231  4230418766  4230418766  0  65535  3106  3106  788  
2927304192  2927304255  4053468456  4053468457  0  65535  143  143  466  
2147483648  4294967295  1211605665  1211605665  0  65535  514  514  574  
2738474752  2738475007  0  4294967295  0  65535  123  123  101  
3489223680  3489224191  4230438746  4230438747  0  65535  1024  65535  219  
2007957504  2008023039  101559369  101559369  0  65535  761  761  692  
2839134208  2839134719  2412325512  2412325512  0  65535  123  123  746  
3415619328  3415619583  3387377750  3387377751  0  65535  3015  3015  418  
3489224344  3489224345  2315316739  2315316739  0  65535  5050  5050  891  
2698610688  2698610943  2412325512  2412325512  0  65535  3015  3015  771  
0  4294967295  2978628120  2978628120  0  65535  1024  65535  523  
2787975936  2787976063  2412325512  2412325512  0  65535  1024  65535  619  
3415619146  3415619147  2366733042  2366733042  0  65535  69  69  888  
3387293696  3387359231  2412368047  2412368047  0  65535  2105  2105  677  
3270246400  3270508543  1273344832  1273344895  0  65535  25  25  227  
3387382528  3387382655  4230438746  4230438747  0  65535  1024  65535  237  
3270359208  3270359211  4230438512  4230438527  0  65535  9993  9993  468  
2147483648  4294967295  1703659682  1703659682  0  65535  0  65535  515  
3415619168  3415619199  2366728616  2366728619  0  65535  3100  3101  437  
3387382528  3387382655  3387935462  3387935463  0  65535  53  53  441  
0  4294967295  2809140224  2809140735  0  65535  0  65535  63  
2702672178  2702672179  4230433921  4230433921  0  65535  3301  3301  900  
3387381760  3387382271  4230438744  4230438744  0  65535  143  143  733  
2147483648  4294967295  1211605665  1211605665  0  65535  1024  65535  526  
2809523200  2809524223  2147483648  4294967295  0  65535  4120  5120  65  
2809397248  2809462783  2412325512  2412325512  0  65535  0  65535  569  
3270359232  3270359295  2698591808  2698591871  0  65535  3106  3108  330  
408271360  408271615  1211605665  1211605665  0  65535  2344  2344  777  
3387293696  3387359231  2348810240  2415919103  0  65535  9993  9993  51  
3489224352  3489224383  0  4294967295  0  65535  3106  3108  132  
2738356224  2738618367  2738678664  2738678665  0  65535  0  65535  188  
2698510336  2698575871  4230433874  4230433874  0  65535  1521  1521  686  
3415619145  3415619145  2376358623  2376358623  0  65535  123  123  954  
3489223680  3489224191  2315316722  2315316722  0  65535  754  754  739  
3415212032  3415474175  4230438744  4230438744  0  65535  0  65535  550  
3270359296  3270359551  2205657376  2205657391  0  65535  1111  1111  353  
3270359216  3270359231  2698609816  2698609816  0  65535  3101  3101  841  
0  4294967295  2698451741  2698451741  0  65535  25  25  558  
3270359168  3270359199  2698612524  2698612527  0  65535  9993  9993  457  
2147483648  3221225471  4230416483  4230416483  0  65535  25  25  585  
3512467456  3512532991  2697986048  2699034623  0  65535  5010  5015  134  
3270359213  3270359213  4230438507  4230438507  0  65535  0  65535  598  
3387382663  3387382663  4230438746  4230438747  0  65535  25  25  922  
3387382660  3387382661  0  4294967295  0  65535  3000  3000  174  
3387382663  3387382663  3270158998  3270158999  0  65535  1521  1521  919  
3489224320  3489224335  2315316720  2315316721  0  65535  1024  65535  262  
3270359040  3270359167  1268190550  1268190550  0  65535  3106  3106  785  
3387382272  3387382527  4230438744  4230438744  0  65535  1024  65535  608  
2915065288  2915065288  4053468448  4053468449  0  65535  5001  5001  931  
3387382720  3387382783  2412368384  2412368895  0  65535  3106  3106  305  
3387382720  3387382783  4230438746  4230438747  0  65535  1024  65535  242  
2693720595  2693720595  2411724800  2412249087  0  65535  514  514  648  
2412314640  2412314647  3385184037  3385184037  0  65535  162  162  858  
3387382663  3387382663  2412368047  2412368047  0  65535  1024  65535  696  
3387382664  3387382671  1211605665  1211605665  0  65535  144  145  824  
2738474681  2738474681  2412325512  2412325512  0  65535  5190  5190  980  
3387382720  3387382783  4230438744  4230438744  0  65535  119  119  797  
2412314648  2412314649  1817169487  1817169487  0  65535  1024  65535  674  
3387381760  3387382271  2366732475  2366732475  0  65535  4001  4001  736  
2698611009  2698611009  2412325512  2412325512  0  65535  88  88  974  
2232408184  2232408184  3415212032  3415736319  0  65535  53  53  649  
2698575872  2698608639  2412325568  2412325631  0  65535  3106  3106  251  
3270359213  3270359213  3270159054  3270159054  0  65535  2314  2314  964  
0  4294967295  2698665890  2698665890  0  65535  1024  65535  517  
2412314651  2412314651  3385156620  3385156620  0  65535  25  25  987  
3386900480  3388997631  3385161334  3385161335  0  65535  0  65535  176  
3387382664  3387382671  2412325512  2412325512  0  65535  25  25  851  
3387379712  3387381759  4230438744  4230438744  0  65535  4120  5120  633  
2693720608  2693720639  2839086269  2839086269  0  65535  0  65535  621  
3387379712  3387381759  4230438744  4230438744  0  65535  514  514  715  
3489540234  3489540235  2315316777  2315316777  0  65535  1111  1111  892  
3270359168  3270359199  2205657396  2205657396  0  65535  3106  3106  818  
3489224336  3489224337  1211601916  1211601917  0  65535  9000  9000  506  
2738474608  2738474608  2412325512  2412325512  0  65535  1024  65535  701  
3387382688  3387382719  2412368000  2412368031  0  65535  80  80  383  
2839135054  2839135054  4230418764  4230418765  0  65535  3200  3200  930  
3270359552  3270360063  4230438507  4230438507  0  65535  80  80  741  
2698611072  2698611199  1664658846  1664658847  0  65535  123  123  447  
2702672352  2702672383  4230433921  4230433921  0  65535  1024  65535  641  
3415617536  3415618559  2315316704  2315316719  0  65535  7426  7426  323  
2147483648  4294967295  1211608282  1211608283  0  65535  0  65535  182  
3387382663  3387382663  2412319034  2412319035  0  65535  80  80  915  
3270359168  3270359199  2698590409  2698590409  0  65535  80  80  820  
3489224192  3489224319  2315316722  2315316722  0  65535  1024  65535  616  
2698510336  2699034623  2412325512  2412325512  0  65535  0  65535  537  
3387381760  3387382271  2412457560  2412457561  0  65535  5001  5001  393  
2698611009  2698611009  4230433874  4230433874  0  65535  3301  3301  977  
2698611040  2698611071  2412325512  2412325512  0  65535  1024  65535  639  
3387382664  3387382671  2412368047  2412368047  0  65535  5173  5173  852  
3415619072  3415619135  2366729888  2366729888  0  65535  25  25  798  
2412314880  2412315135  0  4294967295  0  65535  9993  9993  103  
3387381760  3387382271  2412319490  2412319491  0  65535  1024  65535  218  
3386900480  3387162623  3488932032  3488932063  0  65535  54488  54488  240  
3489136640  3489202175  4230438507  4230438507  0  65535  137  138  653  
3489224346  3489224346  2315316739  2315316739  0  65535  514  514  959  
0  4294967295  2698451830  2698451830  0  65535  514  514  560  
2147483648  4294967295  1241429613  1241429613  0  65535  3000  3000  576  
3415619200  3415619327  2378596635  2378596635  0  65535  0  65535  607  
3387382784  3387383807  3384480222  3384480223  0  65535  1534  1534  370  
3387392000  3387424767  2412380160  2412445695  0  65535  42  42  206  
2698611200  2698611711  4230433874  4230433874  0  65535  1024  65535  603  
2147483648  4294967295  1664658844  1664658844  0  65535  1024  65535  531  
3387382660  3387382661  2412368047  2412368047  0  65535  1701  1701  884  
2698610688  2698610943  4230433874  4230433874  0  65535  0  65535  599  
2839135054  2839135054  2842163726  2842163727  0  65535  443  443  929  
3387381760  3387382271  0  4294967295  0  65535  4120  5120  64  
2809526272  2809526399  1664658846  1664658847  0  65535  5190  5190  449  
3270360064  3270361087  2147483648  4294967295  0  65535  5050  5050  74  
3415212032  3416260607  2366733776  2366733791  0  65535  9993  9993  230  
2839135054  2839135054  4230418764  4230418765  0  65535  20  21  863  
2147483648  4294967295  1211605666  1211605667  0  65535  1024  65535  183  
3387381760  3387382271  0  4294967295  0  65535  20  21  67  
2412249088  2412380159  0  4294967295  0  65535  20  21  15  
3387382272  3387382527  2412453976  2412453976  0  65535  514  514  760  
2412249088  2412314623  3355443200  3388997631  0  65535  20  21  55  
3489224352  3489224383  3270163424  3270163455  0  65535  25  25  388  
2697986048  2699034623  2693144069  2693144069  0  65535  0  65535  535  
2738474624  2738474655  4230416483  4230416483  0  65535  0  65535  622  
2809526432  2809526463  4230416584  4230416584  0  65535  123  123  822  
0  4294967295  2698451968  2698452991  0  65535  0  65535  44  
2738474592  2738474607  4230416480  4230416481  0  65535  1024  65535  263  
3221225472  4294967295  1241416110  1241416110  0  65535  1024  65535  533  
3387382663  3387382663  2412325514  2412325515  0  65535  69  69  913  
2693726208  2693791743  2412325512  2412325512  0  65535  514  514  687  
3387382720  3387382783  2412319552  2412319615  0  65535  69  69  350  
3387162624  3387293695  2412454048  2412454079  0  65535  2345  2345  247  
3387382528  3387382655  3387424640  3387424703  0  65535  514  514  327  
3489540206  3489540207  4230438507  4230438507  0  65535  123  123  893  
2412318720  2412322815  1703649651  1703649651  0  65535  1024  65535  591  
3270359208  3270359211  4230438504  4230438505  0  65535  3106  3106  497  
3270359296  3270359551  4230438504  4230438505  0  65535  3008  3008  421  
3387382720  3387382783  2412368048  2412368063  0  65535  5000  5000  403  
2698610688  2698610943  4230433872  4230433873  0  65535  5810  5810  425  
3387382272  3387382527  2412319253  2412319253  0  65535  3000  3010  712  
3489224336  3489224337  4230438746  4230438747  0  65535  7426  7426  505  
2412315136  2412315647  2147483648  4294967295  0  65535  123  123  112  
2909602036  2909602037  2909664971  2909664971  0  65535  53  53  904  
2698611012  2698611015  0  4294967295  0  65535  143  143  155  
2698611200  2698611711  0  4294967295  0  65535  2010  2011  68  
3489224336  3489224337  4230438504  4230438505  0  65535  69  69  507  
0  4294967295  2809143646  2809143646  0  65535  5190  5190  566  
2698608640  2698610687  4230433874  4230433874  0  65535  25026  25026  716  
3387382272  3387382527  3387422586  3387422586  0  65535  2344  2344  761  
2412314880  2412315135  3387934574  3387934574  0  65535  3000  3000  776  
3270311936  3270344703  2648437398  2648437399  0  65535  53  53  293  
3270359296  3270359551  1088056448  1088056449  0  65535  29301  29301  423  
2412314688  2412314751  2698615772  2698615772  0  65535  1024  65535  631  
3387382528  3387382655  4230438744  4230438744  0  65535  1701  1701  781  
3387382720  3387382783  3387423635  3387423635  0  65535  1024  65535  628  
3387392000  3387424767  2412319254  2412319255  0  65535  8123  8123  289  
3415619148  3415619151  4230438720  4230438735  0  65535  80  80  467  
2698611712  2698612735  2412325520  2412325535  0  65535  443  443  324  
3387382272  3387382527  3462358384  3462358384  0  65535  44645  44645  762  
3387382663  3387382663  2412368044  2412368045  0  65535  514  514  916  
3415619072  3415619135  4230437888  4230438399  0  65535  3106  3106  306  
2738470912  2738472959  0  4294967295  0  65535  839  848  32  
2698641408  2698772479  2412325512  2412325512  0  65535  3106  3106  660  
2412331008  2412347391  3385159838  3385159838  0  65535  55666  55666  703  
3387381760  3387382271  4230438744  4230438744  0  65535  80  80  729  
2412316672  2412318719  4090990336  4090990399  0  65535  3301  3301  278  
3387382663  3387382663  2412319504  2412319519  0  65535  53  53  825  
2412316672  2412318719  2147483648  4294967295  0  65535  514  514  62  
2809526528  2809526783  2412325512  2412325512  0  65535  18992  18992  775  
2412314688  2412314751  2698615776  2698615807  0  65535  29300  29301  362  
2698610688  2698610943  2147483648  4294967295  0  65535  514  514  124  
3387382688  3387382719  4230438656  4230438719  0  65535  69  69  376  
3270359296  3270359551  0  4294967295  0  65535  123  123  99  
2736783360  2738880511  4230433922  4230433923  0  65535  0  65535  187  
2809526784  2809527295  4230417549  4230417549  0  65535  5100  5100  744  
3387382720  3387382783  2147483648  4294967295  0  65535  504  504  136  
2693529600  2693791743  4230433874  4230433874  0  65535  5190  5190  652  
3387382528  3387382655  3387377632  3387377663  0  65535  22555  22555  359  
3489562624  3489595391  4230438504  4230438505  0  65535  0  65535  94  
2693660672  2693791743  4230447104  4230479871  0  65535  5015  5015  198  
3387382660  3387382661  4230438744  4230438744  0  65535  69  69  885  
2698611040  2698611071  2698591780  2698591783  0  65535  4321  4321  459  
168334080  168334207  1211605668  1211605671  0  65535  25  25  434  
3387382272  3387382527  2412319029  2412319029  0  65535  514  514  751  
0  4294967295  2785182713  2785182713  0  65535  1024  65535  522  
0  4294967295  2707937280  2707938303  0  65535  0  65535  45  
3489224384  3489224447  3387285452  3387285453  0  65535  383  383  462  
2412331008  2412347391  3385158397  3385158397  0  65535  162  162  704  
3387382720  3387382783  2412325512  2412325512  0  65535  754  754  793  
3387293696  3387359231  1211605632  1211605663  0  65535  69  69  256  
3387382720  3387382783  2412324864  2412325375  0  65535  80  80  303  
2738474684  2738474685  4230416483  4230416483  0  65535  5190  5190  901  
3387382660  3387382661  4230438744  4230438744  0  65535  25  25  887  
2809523114  2809523115  2412325514  2412325515  0  65535  139  139  510  
2698611040  2698611071  2738471592  2738471593  0  65535  443  443  475  
3270359200  3270359207  3270312041  3270312041  0  65535  4100  4110  792  
3489540229  3489540229  3489229096  3489229099  0  65535  1024  65535  654  
2698611009  2698611009  2412325512  2412325512  0  65535  5050  5050  967  
3415619584  3415621631  4230438744  4230438744  0  65535  1024  65535  592  
3387382660  3387382661  3360669449  3360669449  0  65535  80  80  880  
2738356224  2738880511  2738282674  2738282675  0  65535  20  21  253  
2702672320  2702672335  4230433921  4230433921  0  65535  0  65535  589  
3489224384  3489224447  2315316720  2315316721  0  65535  20  21  438  
3489224448  3489224703  4230438507  4230438507  0  65535  3301  3301  768  
3386900480  3387949055  3372220416  3388997631  0  65535  51500  51500  26  
3387382664  3387382671  2366732565  2366732565  0  65535  69  69  853  
3387382672  3387382687  2412319732  2412319735  0  65535  69  69  479  
2412314624  2412314639  2698615760  2698615761  0  65535  3301  3301  486  
2698611024  2698611039  2412325536  2412325567  0  65535  161  161  414  
3489224192  3489224319  4230438746  4230438747  0  65535  29301  29301  446  
3489136640  3489398783  2147483648  4294967295  0  65535  0  65535  7  
2698510336  2698575871  4230433874  4230433874  0  65535  69  69  685  
3387381760  3387382271  2412325512  2412325512  0  65535  0  65535  593  
3387375616  3387379711  2412457884  2412457885  0  65535  3337  3337  341  
3387382688  3387382719  2412453976  2412453976  0  65535  1024  65535  638  
2702671872  2702672127  4230433921  4230433921  0  65535  1024  65535  613  
3270359232  3270359295  4230438508  4230438511  0  65535  5540  5540  440  
3489224339  3489224339  2315316722  2315316722  0  65535  514  514  957  
2147483648  4294967295  1664658844  1664658844  0  65535  1701  1701  578  
2927300176  2927300191  4053468451  4053468451  0  65535  139  139  847  
3387293696  3387359231  2412325512  2412325512  0  65535  29301  29301  675  
2215313040  2215313055  2698612554  2698612555  0  65535  20555  20555  487  
2809522946  2809522946  4230415078  4230415078  0  65535  3106  3106  982  
2839135056  2839135071  4230418936  4230418936  0  65535  3200  3200  846  
2787975168  2787977215  2839119400  2839119401  0  65535  29300  29301  332  
3387382272  3387382527  2412318827  2412318827  0  65535  80  80  752  
1338505856  1338505983  2698672488  2698672488  0  65535  1024  65535  620  
3489224336  3489224337  2315316722  2315316722  0  65535  3000  3000  890  
2412249088  2412314623  2366732669  2366732669  0  65535  514  514  691  
3415619072  3415619135  2378602496  2378603007  0  65535  3106  3106  307  
3387293696  3387359231  4230438744  4230438744  0  65535  0  65535  542  
2693720704  2693720831  4230433874  4230433874  0  65535  0  65535  572  
2412314651  2412314651  2411977482  2411977483  0  65535  42  42  932  
3489224352  3489224383  3489278268  3489278271  0  65535  5050  5050  455  
2412314752  2412314879  2315316722  2315316722  0  65535  25  25  789  
1211611216  1211611231  1211605666  1211605667  0  65535  139  139  488  
3387381760  3387382271  0  4294967295  0  65535  5015  5015  77  
2698611200  2698611711  2412325512  2412325512  0  65535  7770  7771  721  
3269459968  3270508543  2147483648  4294967295  0  65535  0  65535  6  
3387381760  3387382271  2147483648  4294967295  0  65535  8080  8080  109  
3415212032  3415736319  2315316608  2315316671  0  65535  29301  29301  217  
3270359200  3270359207  2205657398  2205657399  0  65535  30210  30210  491  
3387382784  3387383807  0  4294967295  0  65535  139  139  56  
2411724800  2415919103  2147483648  4294967295  0  65535  0  65535  13  
2738474619  2738474619  4230416483  4230416483  0  65535  1024  65535  700  
2698641408  2698772479  2411724800  2412249087  0  65535  3106  3106  150  
0  4294967295  2738276352  2738277375  0  65535  1024  65535  48  
3512497664  3512498175  3512619212  3512619213  0  65535  25  25  395  
2738479104  2738487295  2738472400  2738472415  0  65535  3456  3456  277  
3387382672  3387382687  3270162133  3270162133  0  65535  7113  7113  835  
0  4294967295  2698451742  2698451743  0  65535  0  65535  158  
2702671872  2702704639  4230433922  4230433923  0  65535  80  80  296  
3387381760  3387382271  4230438744  4230438744  0  65535  139  139  731  
3270359208  3270359211  3387287016  3387287017  0  65535  3015  3015  495  
0  4294967295  2698664448  2698664703  0  65535  0  65535  83  
3387382272  3387382527  2412456786  2412456787  0  65535  5001  5001  417  
2411724800  2412773375  2698615772  2698615772  0  65535  0  65535  536  
3387381760  3387382271  2412368047  2412368047  0  65535  8000  8000  730  
2412314648  2412314649  3385176622  3385176622  0  65535  9910  9910  906  
3221225472  4294967295  2315316722  2315316722  0  65535  1024  65535  532  
3415617536  3415618559  2315316720  2315316721  0  65535  55666  55666  372  
3387382664  3387382671  4230438746  4230438747  0  65535  1780  1780  490  
66912256  66977791  1211605665  1211605665  0  65535  143  143  693  
3387382688  3387382719  2412368047  2412368047  0  65535  1812  1812  813  
3415619328  3415619583  2366728621  2366728621  0  65535  25  25  764  
2692743168  2693791743  4230433880  4230433887  0  65535  20300  20300  239  
0  4294967295  2809163776  2809164799  0  65535  0  65535  43  
2809526464  2809526527  4230417552  4230417567  0  65535  514  514  411  
3387379712  3387381759  1211605665  1211605665  0  65535  3000  3000  713  
2702442496  2702704639  2702314784  2702314815  0  65535  5190  5190  241  
3270359040  3270359167  2698592089  2698592089  0  65535  3015  3015  784  
3270359040  3270359167  4230438504  4230438505  0  65535  1024  65535  238  
3387382272  3387382527  2412368047  2412368047  0  65535  22014  22029  707  
2839135048  2839135051  4230414708  4230414709  0  65535  3300  3300  498  
3387382672  3387382687  4230438746  4230438747  0  65535  1024  65535  261  
3387359232  3387375615  0  4294967295  0  65535  20  21  20  
3489222656  3489223679  4230438744  4230438744  0  65535  1024  65535  596  
3387379712  3387381759  2412319708  2412319708  0  65535  29301  29301  714  
2809526416  2809526431  4230416384  4230416447  0  65535  161  162  375  
3489540226  3489540227  1211601900  1211601901  0  65535  54488  54488  508  
3387379712  3387381759  4230438746  4230438747  0  65535  88  88  347  
2698510336  2698575871  4231004160  4232052735  0  65535  137  138  137  
3415619328  3415619583  0  4294967295  0  65535  3206  3216  87  
0  4294967295  2698451968  2698452991  0  65535  1024  65535  47  
2412314651  2412314651  2412550420  2412550423  0  65535  2010  2011  849  
2698610688  2698610943  2412325512  2412325512  0  65535  443  443  772  
3415619072  3415619135  2315316722  2315316722  0  65535  139  139  800  
3387382656  3387382659  1211605665  1211605665  0  65535  5001  5001  866  
3387382784  3387383807  4230438746  4230438747  0  65535  1024  65535  209  
3415619136  3415619143  4230438744  4230438744  0  65535  4321  4321  854  
3387375616  3387379711  4230438746  4230438747  0  65535  29301  29301  340  
3415619200  3415619327  2366733772  2366733772  0  65535  0  65535  606  
2147483648  4294967295  1703642684  1703642684  0  65535  0  65535  513  
2738479104  2738487295  0  4294967295  0  65535  8000  8000  23  
3387382660  3387382661  2412368047  2412368047  0  65535  514  514  882  
3387382720  3387382783  1211605666  1211605667  0  65535  5708  5708  461  
0  4294967295  2698451820  2698451823  0  65535  4001  4001  164  
3387382660  3387382661  4230438744  4230438744  0  65535  1024  65535  672  
2698611010  2698611011  4230433874  4230433874  0  65535  20555  20555  896  
0  4294967295  2785186784  2785186815  0  65535  1024  65535  129  
3387382272  3387382527  2412456796  2412456796  0  65535  761  761  759  
3387382663  3387382663  2412325514  2412325515  0  65535  3101  3101  911  
2698611010  2698611011  2698451742  2698451743  0  65535  7426  7426  509  
3489267712  3489398783  2315316720  2315316721  0  65535  0  65535  154  
3489224352  3489224383  2315316722  2315316722  0  65535  1701  1701  816  
1211410432  1211412479  0  4294967295  0  65535  162  162  41  
3387383808  3387391999  2412325514  2412325515  0  65535  5005  5005  314  
2412314652  2412314655  3387935469  3387935469  0  65535  4321  4321  875  
2809526272  2809526399  4230417568  4230417599  0  65535  5015  5015  361  
3387382720  3387382783  2412319029  2412319029  0  65535  3206  3216  727  
3489540205  3489540205  4230438504  4230438505  0  65535  6002  6002  925  
3387383808  3387391999  2412453984  2412454015  0  65535  8080  8080  269  
3387381760  3387382271  2147483648  4294967295  0  65535  20  21  90  
3489529856  3489538047  3489539712  3489539743  0  65535  3200  3200  271  
2698611009  2698611009  4230433876  4230433879  0  65535  137  138  848  
0  4294967295  2809165805  2809165805  0  65535  1024  65535  521  
3270359168  3270359199  2698591504  2698591504  0  65535  5020  5020  819  
2738356224  2738618367  2839094517  2839094517  0  65535  0  65535  538  
3387382528  3387382655  2366732420  2366732420  0  65535  0  65535  605  
3387382720  3387382783  2412368047  2412368047  0  65535  161  161  796  
2412315136  2412315647  0  4294967295  0  65535  514  514  82  
2738356224  2738421759  4230433921  4230433921  0  65535  2314  2314  688  
2147483648  4294967295  1664658844  1664658844  0  65535  42  42  579  
3489136640  3489660927  4230438464  4230438495  0  65535  4321  4321  224  
3489540233  3489540233  2315316777  2315316777  0  65535  5000  5000  962  
0  4294967295  2809965537  2809965537  0  65535  54488  54488  567  
3415619072  3415619135  2147483648  4294967295  0  65535  1024  65535  126  
3386900480  3387424767  2412456000  2412456063  0  65535  3106  3106  216  
3270359213  3270359213  4230438507  4230438507  0  65535  80  80  966  
3415474176  3415605247  4230438744  4230438744  0  65535  0  65535  539  
3387382672  3387382687  2412368047  2412368047  0  65535  123  123  831  
2412249088  2412314623  4089446400  4089708543  0  65535  443  443  169  
2839134976  2839135039  4230418936  4230418936  0  65535  514  514  806  
2702573568  2702704639  4230433936  4230433951  0  65535  3106  3106  254  
2839135056  2839135071  2412325512  2412325512  0  65535  69  69  845  
3387382663  3387382663  4230438744  4230438744  0  65535  20030  20030  946  
2809522946  2809522946  4230415078  4230415078  0  65535  1521  1521  981  
2698611009  2698611009  2698615773  2698615773  0  65535  23  23  975  
3415619152  3415619167  2315316722  2315316722  0  65535  123  123  839  
3387162624  3387293695  1211605665  1211605665  0  65535  3110  3112  650  
3387382784  3387383807  2412457564  2412457565  0  65535  443  443  369  
0  4294967295  2702314248  2702314251  0  65535  1024  65535  141  
3270359040  3270359167  0  4294967295  0  65535  3000  3000  117  
3489224339  3489224339  1211601919  1211601919  0  65535  69  69  958  
2147483648  4294967295  1211608576  1211608577  0  65535  8080  8081  190  
2147483648  4294967295  1664658846  1664658847  0  65535  22014  22029  189  
3415617536  3415618559  2378603080  2378603080  0  65535  5100  5100  723  
3489224320  3489224335  2315316608  2315316671  0  65535  443  443  398  
2232287232  2232418303  2698612552  2698612552  0  65535  1701  1701  666  
3387382660  3387382661  3270159000  3270159001  0  65535  1024  65535  274  
3387382656  3387382659  4230438744  4230438744  0  65535  5100  5100  867  
3415619168  3415619199  2366728608  2366728615  0  65535  839  848  366  
3387162624  3387293695  2412457660  2412457661  0  65535  0  65535  52  
3387381760  3387382271  2412368047  2412368047  0  65535  543  545  719  
3387382528  3387382655  2412319710  2412319711  0  65535  22014  22029  346  
3415619168  3415619199  2315316480  2315316735  0  65535  69  69  326  
3270359552  3270360063  1240493989  1240493989  0  65535  514  514  740  
3387382720  3387382783  3387371408  3387371423  0  65535  514  514  402  
3387382663  3387382663  2412325512  2412325512  0  65535  4001  4001  935  
3387382688  3387382719  4230436864  4230437887  0  65535  4001  4001  311  
3415619328  3415619583  2315316720  2315316721  0  65535  123  123  419  
3387382660  3387382661  2412368044  2412368045  0  65535  25  25  501  
3387382672  3387382687  4230438744  4230438744  0  65535  9993  9993  834  
2809526272  2809526399  2412325512  2412325512  0  65535  1024  65535  618  
3414163456  3416260607  2315316672  2315316703  0  65535  8000  8000  213  
2698611009  2698611009  4230433874  4230433874  0  65535  20555  20555  976  
2839135048  2839135051  4230418835  4230418835  0  65535  3106  3106  874  
2147483648  4294967295  1211608960  1211609087  0  65535  0  65535  118  
0  4294967295  2727445768  2727445768  0  65535  1701  1701  563  
3485466624  3489660927  0  4294967295  0  65535  0  65535  5  
3387382688  3387382719  3387277992  3387277992  0  65535  37  37  811  
2412314880  2412315135  2698616064  2698616064  0  65535  1024  65535  614  
3270359040  3270359167  0  4294967295  0  65535  22014  22029  105  
3387382272  3387382527  3387422195  3387422195  0  65535  1024  65535  610  
2839134720  2839134975  4230418767  4230418767  0  65535  0  65535  600  
2698610688  2698610943  4230433876  4230433879  0  65535  3004  3004  391  
2698611040  2698611071  1605261312  1605262335  0  65535  69  69  312  
3489267712  3489398783  3489245415  3489245415  0  65535  3206  3216  635  
2412318720  2412322815  2147483648  4294967295  0  65535  514  514  35  
3387382528  3387382655  2412455939  2412455939  0  65535  80  80  780  
3270359296  3270359551  1211199065  1211199065  0  65535  80  80  770  
2412314656  2412314687  3387935469  3387935469  0  65535  1024  65535  642  
3387382663  3387382663  2412319496  2412319497  0  65535  42  42  914  
2412314651  2412314651  2412325512  2412325512  0  65535  514  514  986  
3270359213  3270359213  2273484138  2273484139  0  65535  3456  3456  926  
0  4294967295  2738471587  2738471587  0  65535  1024  65535  519  
2738487296  2738618367  4230416483  4230416483  0  65535  0  65535  540  
3270246400  3270311935  2273482751  2273482751  0  65535  514  514  683  
3415619328  3415619583  2378603082  2378603082  0  65535  0  65535  553  
2693660672  2693693439  2693693640  2693693641  0  65535  0  65535  200  
3415621632  3415638015  2315316722  2315316722  0  65535  0  65535  583  
0  4294967295  2809165664  2809165695  0  65535  80  80  138  
0  4294967295  2698665400  2698665401  0  65535  1024  65535  159  
3387382688  3387382719  2412457887  2412457887  0  65535  54488  54488  814  
2412314880  2412315135  2698616066  2698616067  0  65535  5001  5001  431  
3387162624  3387293695  2412368000  2412368031  0  65535  1980  1980  245  
3489224352  3489224383  2315316720  2315316721  0  65535  25  25  472  
3387382664  3387382671  4230438748  4230438751  0  65535  4321  4321  482  
3387382663  3387382663  2412368047  2412368047  0  65535  54488  54488  940  
3387382272  3387382527  3387423634  3387423634  0  65535  5700  5700  757  
1211419072  1211419135  831363335  831363335  0  65535  1701  1701  808  
3387382663  3387382663  1211608099  1211608099  0  65535  135  135  950  
3387382663  3387382663  2412368047  2412368047  0  65535  514  514  941  
2698612736  2698616831  2698920992  2698921023  0  65535  1701  1701  275  
2412314624  2412314639  3387286847  3387286847  0  65535  1024  65535  644  
3270359208  3270359211  3270159052  3270159053  0  65535  514  514  496  
2809526402  2809526403  2809493541  2809493541  0  65535  1024  65535  673  
2809522176  2809522687  4230415162  4230415162  0  65535  514  514  745  
170801792  170801919  831345432  831345433  0  65535  20555  20555  451  
2698608640  2698610687  2412325520  2412325535  0  65535  3300  3300  310  
3415613440  3415617535  0  2147483647  0  65535  37  37  34  
3270311936  3270344703  2204106752  2206203903  0  65535  514  514  144  
2215560149  2215560149  3462376346  3462376346  0  65535  20  21  910  
2909601792  2909667327  4230422448  4230422449  0  65535  69  69  285  
2412315136  2412315647  1814442785  1814442785  0  65535  5540  5540  748  
0  2147483647  2698590381  2698590381  0  65535  23  23  581  
3270359214  3270359215  1273344891  1273344891  0  65535  0  65535  655  
2909274112  2909405183  4026531840  4060086271  0  65535  3015  3015  54  
3387379712  3387381759  2147483648  4294967295  0  65535  3015  3015  61  
2809135104  2810183679  1664658816  1664658831  0  65535  3015  3015  231  
2698611009  2698611009  2412325512  2412325512  0  65535  5902  5902  971  
3386900480  3387424767  3387935360  3387935423  0  65535  514  514  215  
3387382672  3387382687  2412325512  2412325512  0  65535  5708  5708  827  
2698611009  2698611009  4230433874  4230433874  0  65535  1024  65535  698  
3415617536  3415618559  0  4294967295  0  65535  1024  65535  46  
3386900480  3387949055  1207959552  1224736767  0  65535  8000  8009  22  
3387382660  3387382661  2412325514  2412325515  0  65535  514  514  500  
2809527296  2809528319  4230416614  4230416614  0  65535  514  514  726  
3415619168  3415619199  4230438746  4230438747  0  65535  514  514  471  
2147483648  4294967295  1211608064  1211608095  0  65535  0  65535  133  
3415619328  3415619583  1211601856  1211601887  0  65535  3106  3106  335  
2738474752  2738475007  4230416483  4230416483  0  65535  29301  29301  774  
2809526402  2809526403  4230416635  4230416635  0  65535  5190  5190  902  
2698611200  2698611711  2412325514  2412325515  0  65535  123  123  397  
0  4294967295  2809139544  2809139547  0  65535  4321  4321  167  
2698510336  2699034623  4230433888  4230433919  0  65535  443  443  225  
3415619168  3415619199  2315316672  2315316703  0  65535  135  135  387  
3387381760  3387382271  2412453976  2412453976  0  65535  5001  5001  734  
2147483648  4294967295  1211601918  1211601918  0  65535  1024  65535  529  
3387382720  3387382783  2412368047  2412368047  0  65535  5100  5100  794  
3415619072  3415619135  3387377731  3387377731  0  65535  80  80  799  
3489224384  3489224447  4230438720  4230438735  0  65535  69  69  408  
3387382272  3387382527  2412368000  2412368031  0  65535  7113  7113  333  
3387392000  3387424767  2412456786  2412456787  0  65535  514  514  290  
3415619328  3415619583  3415617091  3415617091  0  65535  53  53  766  
2693720064  2693720575  2147483648  4294967295  0  65535  1812  1812  111  
2738454528  2738470911  1664090112  1665138687  0  65535  29300  29301  152  
0  4294967295  2702314196  2702314199  0  65535  4747  4747  165  
2412249088  2412380159  3387934574  3387934574  0  65535  4001  4001  665  
0  4294967295  2701775660  2701775660  0  65535  123  123  561  
3270359213  3270359213  2473188654  2473188654  0  65535  3015  3015  965  
3387382663  3387382663  4230438744  4230438744  0  65535  1701  1701  943  
3387382720  3387382783  2412325516  2412325519  0  65535  514  514  439  
2698611009  2698611009  2412325512  2412325512  0  65535  3015  3015  973  
3489136640  3489202175  2147483648  4294967295  0  65535  0  65535  9  
3387382272  3387382527  2412368044  2412368045  0  65535  749  751  400  
2809462784  2809495551  0  4294967295  0  65535  543  545  19  
3387375616  3387379711  2147483648  4294967295  0  65535  514  514  33  
3489224352  3489224383  2315316739  2315316739  0  65535  4120  5120  702  
2839135072  2839135103  4230414720  4230414783  0  65535  514  514  377  
2693720640  2693720703  4230433874  4230433874  0  65535  1701  1701  805  
3387381760  3387382271  1211605666  1211605667  0  65535  0  65535  210  
2147483648  4294967295  1211601903  1211601903  0  65535  1024  65535  530  
3387381760  3387382271  4230438746  4230438747  0  65535  25  25  392  
0  4294967295  0  4294967295  0  65535  0  65535  1  
3387382272  3387382527  1211605665  1211605665  0  65535  139  139  754  
2839135054  2839135054  2412325512  2412325512  0  65535  135  135  984  
2147483648  4294967295  1211608280  1211608280  0  65535  25  25  575  
3387382656  3387382659  1211605665  1211605665  0  65535  162  162  864  
3387382672  3387382687  2412368047  2412368047  0  65535  123  123  830  
0  4294967295  0  4294967295  0  65535  514  514  2  
3387382672  3387382687  3387422586  3387422586  0  65535  443  443  836  
0  4294967295  2698451818  2698451818  0  65535  25  25  559  
3387382688  3387382719  2412368040  2412368043  0  65535  139  139  454  
3387382663  3387382663  2412454046  2412454046  0  65535  5001  5001  949  
3387293696  3387359231  2412456785  2412456785  0  65535  3206  3206  678  
0  4294967295  2809165528  2809165531  0  65535  69  69  166  
3387382663  3387382663  2411724800  2412249087  0  65535  5005  5005  646  
170801879  170801879  2698673491  2698673491  0  65535  5190  5190  989  
3387381760  3387382271  2412456796  2412456796  0  65535  8080  8080  732  
2412314640  2412314647  2698615763  2698615763  0  65535  0  65535  645  
2693660672  2693693439  4244635648  4261412863  0  65535  37  37  119  
2839135054  2839135054  1703658473  1703658473  0  65535  161  161  985  
3270359208  3270359211  4230438507  4230438507  0  65535  4106  4106  871  
3387382688  3387382719  2412457887  2412457887  0  65535  514  514  815  
3387382720  3387382783  2366732849  2366732849  0  65535  161  162  778  
3489234944  3489267711  4230438744  4230438744  0  65535  69  69  694  
3270359296  3270359551  2698590438  2698590438  0  65535  1024  65535  611  
170813440  170813951  1211605665  1211605665  0  65535  1024  65535  604  
3489226752  3489234943  2315316722  2315316722  0  65535  8080  8080  706  
3270359214  3270359215  0  4294967295  0  65535  162  162  178  
3387162624  3387293695  1207959552  1216348159  0  65535  55666  55666  93  
1273328640  1273328767  939058552  939058552  0  65535  80  80  790  
2702672336  2702672337  2412325512  2412325512  0  65535  514  514  899  
2698611009  2698611009  4230433874  4230433874  0  65535  2009  2009  969  
3415670784  3415736319  3415617208  3415617208  0  65535  3015  3015  680  
2232400000  2232400003  2147483648  4294967295  0  65535  123  123  194  
2787976480  2787976495  4230414704  4230414707  0  65535  761  761  480  
3387382663  3387382663  4230438746  4230438747  0  65535  42  42  921  
3489223680  3489224191  2315316722  2315316722  0  65535  80  80  738  
3489224320  3489224335  2315316739  2315316739  0  65535  8900  8900  840  
3387382528  3387382655  3387424750  3387424751  0  65535  514  514  442  
2698610944  2698611007  2412325514  2412325515  0  65535  3106  3106  464  
3270359552  3270360063  2147483648  4294967295  0  65535  20  21  91  
3387382663  3387382663  4230438744  4230438744  0  65535  443  443  947  
3387382663  3387382663  4230438746  4230438747  0  65535  514  514  912  
2412315648  2412316671  0  4294967295  0  65535  37  37  60  
3387293696  3387359231  3512523820  3512523821  0  65535  3350  3350  279  
3415670784  3415736319  2366733490  2366733490  0  65535  53  53  679  
3387382688  3387382719  2412368044  2412368045  0  65535  1024  65535  250  
2698611040  2698611071  2412325516  2412325519  0  65535  3015  3015  458  
3387392000  3387424767  4230438746  4230438747  0  65535  0  65535  199  
3269984256  3270508543  2536912504  2536912504  0  65535  0  65535  549  
2698611712  2698612735  2147483648  4294967295  0  65535  80  80  75  
2738479104  2738487295  2738472640  2738472671  0  65535  514  514  272  
3489224448  3489224703  2315316739  2315316739  0  65535  9000  9000  769  
2738474656  2738474671  4230433984  4230434047  0  65535  7000  7000  399  
3387382660  3387382661  0  4294967295  0  65535  42  42  171  
2698611010  2698611011  2412325512  2412325512  0  65535  4001  4001  898  
3270359168  3270359199  2698590364  2698590365  0  65535  137  138  452  
3037986816  3038248959  2412325520  2412325535  0  65535  1701  1701  248  
3489224346  3489224346  4230438507  4230438507  0  65535  7115  7115  960  
2232402816  2232402879  3360675632  3360675632  0  65535  9000  9000  807  
3387375616  3387379711  4230438744  4230438744  0  65535  25  25  709  
3270246400  3270311935  3254779904  3271557119  0  65535  80  80  95  
3489224352  3489224383  4230438748  4230438751  0  65535  80  80  456  
3386900480  3387949055  2412368047  2412368047  0  65535  0  65535  545  
3270359232  3270359295  4230438507  4230438507  0  65535  135  135  804  
3489224340  3489224343  2147483648  4294967295  0  65535  514  514  191  
3387382720  3387382783  3387424571  3387424571  0  65535  1024  65535  625  
2412315136  2412315647  2412368047  2412368047  0  65535  3333  3333  747  
2693726208  2693791743  2412325514  2412325515  0  65535  80  80  283  
2839134208  2839134719  0  4294967295  0  65535  514  514  81  
3387382272  3387382527  1211605665  1211605665  0  65535  3000  3000  756  
2008010240  2008010495  0  2147483647  0  65535  1111  1111  130  
2698611040  2698611071  2412325514  2412325515  0  65535  5810  5810  477  
2147483648  4294967295  1211605666  1211605667  0  65535  8080  8080  203  
3387382720  3387382783  2412368047  2412368047  0  65535  1701  1701  795  
3387382688  3387382719  3488927205  3488927205  0  65535  2009  2009  812  
3387382664  3387382671  2412368000  2412368031  0  65535  25  25  436  
3415619152  3415619167  2378596791  2378596791  0  65535  1701  1701  837  
3387382272  3387382527  2412456785  2412456785  0  65535  1024  65535  609  
0  4294967295  2698451742  2698451743  0  65535  1024  65535  160  
2693720576  2693720591  4230433921  4230433921  0  65535  4001  4001  842  
2412314648  2412314649  1703658450  1703658450  0  65535  1972  1972  905  
2698611072  2698611199  2953731251  2953731251  0  65535  3106  3106  786  
2698610944  2698611007  2412325512  2412325512  0  65535  0  65535  615  
2698610944  2698611007  4230433856  4230433871  0  65535  51790  51790  410  
3489224384  3489224447  2315316722  2315316722  0  65535  1024  65535  629  
3387382663  3387382663  4230438744  4230438744  0  65535  3106  3106  944  
3270246400  3270311935  2697986048  2699034623  0  65535  514  514  146  
3489224346  3489224346  1211601903  1211601903  0  65535  69  69  961  
2693720704  2693720831  2412325512  2412325512  0  65535  1024  65535  617  
3387381760  3387382271  1211608107  1211608107  0  65535  25  25  735  
168333312  168335359  0  2147483647  0  65535  4321  4321  70  
3387383808  3387391999  4230438744  4230438744  0  65535  0  65535  586  
3387382663  3387382663  2412319722  2412319722  0  65535  1701  1701  938  
2698611009  2698611009  2412325512  2412325512  0  65535  1433  1433  978  
0  4294967295  2698451741  2698451741  0  65535  139  139  556  
2412314880  2412315135  3387934528  3387934559  0  65535  514  514  339  
2809526528  2809526783  1664658846  1664658847  0  65535  9993  9993  429  
2787975936  2787976191  0  4294967295  0  65535  8080  8080  102  
3387382656  3387382659  4230438744  4230438744  0  65535  80  80  865  
2809526784  2809527295  2147483648  4294967295  0  65535  8060  8079  85  
2232387584  2232388095  2147483648  4294967295  0  65535  443  443  113  
3387392000  3387424767  2412319498  2412319498  0  65535  20  21  668  
3489136640  3489660927  1211601918  1211601918  0  65535  0  65535  547  
3387293696  3387359231  3221225472  3288334335  0  65535  26000  26003  25  
66831568  66831583  101562368  101562879  0  65535  25  25  345  
3387162624  3387293695  4230438744  4230438744  0  65535  9993  9993  658  
3387293696  3387359231  3270159056  3270159071  0  65535  5190  5190  258  
3415619072  3415619135  2315316704  2315316719  0  65535  42  42  406  
2809462784  2809495551  4230416586  4230416587  0  65535  25  25  297  
2809462784  2809495551  2785017856  2818572287  0  65535  8080  8080  96  
0  4294967295  2809927936  2809927999  0  65535  1024  65535  125  
3489224192  3489224319  2315316745  2315316745  0  65535  3106  3108  749  
3387382528  3387382655  2412456798  2412456799  0  65535  0  65535  195  
2232287232  2232418303  3415212032  3415736319  0  65535  4106  4106  151  
3270359296  3270359551  1273340998  1273340999  0  65535  1972  1972  422  
2698611009  2698611009  2412325512  2412325512  0  65535  135  135  970  
3415619146  3415619147  4230438746  4230438747  0  65535  80  80  503  
0  4294967295  2698451828  2698451829  0  65535  0  65535  156  
3387382784  3387383807  2412319254  2412319255  0  65535  3106  3106  368  
2147483648  4294967295  383600384  383600639  0  65535  1024  65535  104  
3387382663  3387382663  2411724800  2412249087  0  65535  3010  3010  647  
2147483648  4294967295  1240468456  1240468457  0  65535  1024  65535  184  
3489542144  3489546239  2315316746  2315316747  0  65535  5190  5190  342  
3489222656  3489223679  0  2147483647  0  65535  1521  1521  73  
3387382688  3387382719  2412368047  2412368047  0  65535  1024  65535  637  
3387382784  3387383807  1211605666  1211605667  0  65535  53  53  367  
0  4294967295  2809923456  2809923487  0  65535  8080  8080  139  
3415619328  3415619583  2315316722  2315316722  0  65535  514  514  765  
3387382663  3387382663  2366732836  2366732836  0  65535  1825  1825  952  
2232402688  2232402751  2536912320  2536912351  0  65535  5017  5017  382  
2693720595  2693720595  4230433872  4230433873  0  65535  3106  3106  928  
3415670784  3415736319  2366636032  2366701567  0  65535  5050  5050  201  
3489224352  3489224383  3319954163  3319954163  0  65535  20  21  791  
3387382784  3387383807  0  4294967295  0  65535  5190  5190  57  
3387382272  3387382527  4230438744  4230438744  0  65535  161  161  758  
3415619168  3415619199  1211608864  1211608895  0  65535  7113  7113  386  
2698611010  2698611011  0  4294967295  0  65535  3333  3333  179  
3387382720  3387382783  2412325512  2412325512  0  65535  1024  65535  624  
1142386688  1142390783  1664658844  1664658844  0  65535  9993  9993  711  
2147483648  4294967295  1645361726  1645361727  0  65535  1024  65535  186  
3387382660  3387382661  4230438744  4230438744  0  65535  443  443  879  
2738474752  2738475007  2738286370  2738286370  0  65535  514  514  773  
3221225472  4294967295  2315316777  2315316777  0  65535  1780  1780  584  
3270359213  3270359213  4230438507  4230438507  0  65535  3333  3333  963  
3270359296  3270359551  2698609350  2698609351  0  65535  1024  65535  233  
0  4294967295  2809165358  2809165358  0  65535  3106  3106  564  
2698611010  2698611011  2412325512  2412325512  0  65535  760  761  861  
3387382272  3387382527  2366732420  2366732420  0  65535  55666  55666  763  
3489224348  3489224351  2315316745  2315316745  0  65535  80  80  869  
3270356992  3270359039  0  4294967295  0  65535  8080  8080  38  
3387382688  3387382719  4230438752  4230438783  0  65535  55666  55666  385  
3387382272  3387382527  2147483648  4294967295  0  65535  161  161  120  
3270359216  3270359231  4230438528  4230438655  0  65535  4120  5120  260  
3386900480  3387162623  2412368064  2412368127  0  65535  514  514  226  
3387382784  3387383807  4230438744  4230438744  0  65535  55666  55666  722  
2698611009  2698611009  2698591789  2698591789  0  65535  80  80  968  
3387382720  3387382783  2147483648  4294967295  0  65535  20  21  131  
2909602106  2909602107  2908894674  2908894675  0  65535  69  69  512  
2147483648  4294967295  1273336240  1273336243  0  65535  1024  65535  161  
3387293696  3387359231  4230438656  4230438719  0  65535  3015  3015  243  
3489223680  3489224191  3489235112  3489235112  0  65535  0  65535  594  
3415619168  3415619199  2378603508  2378603509  0  65535  3106  3106  469  
2412314651  2412314651  4053291964  4053291965  0  65535  1024  65535  671  
2809523105  2809523105  4230415136  4230415136  0  65535  5190  5190  983  
3387382672  3387382687  3387423635  3387423635  0  65535  7000  7000  832  
2809526464  2809526527  4230417568  4230417599  0  65535  53  53  381  
3489234944  3489267711  1211601900  1211601901  0  65535  54488  54488  292  
3387382784  3387383807  3489227411  3489227411  0  65535  1024  65535  595  
3415619136  3415619143  1211601919  1211601919  0  65535  143  143  855  
2147483648  4294967295  1211608282  1211608283  0  65535  42  42  204  
3270246400  3270311935  1273339508  1273339508  0  65535  1024  65535  571  
2698575872  2698608639  4230433874  4230433874  0  65535  0  65535  544  
3387383808  3387391999  3270159056  3270159071  0  65535  514  514  276  
3387382660  3387382661  4230438746  4230438747  0  65535  1024  65535  273  
3270359214  3270359215  1273342392  1273342392  0  65535  80  80  894  
3387162624  3387293695  4230438744  4230438744  0  65535  80  80  656  
3387382272  3387382527  3270159052  3270159053  0  65535  9993  9993  416  
3387382688  3387382719  2412455968  2412455999  0  65535  3106  3106  384  
2698611712  2698612735  1664658844  1664658844  0  65535  123  123  725  
3489136640  3489660927  2315316672  2315316703  0  65535  1521  1521  223  
0  4294967295  2698451741  2698451741  0  65535  143  143  557  
2698611200  2698611711  2698672448  2698672479  0  65535  20555  20555  316  
