0  4294967295  1363107882  1363107883  0  65535  113  113  259  
3362992456  3362992457  3362992468  3362992468  1024  65535  1024  65535  816  
186854068  186854069  0  4294967295  7648  7648  754  754  455  
2147483648  4294967295  186844260  186844260  0  65535  80  80  745  
2147483648  3221225471  3364680325  3364680325  0  65535  544  544  777  
0  4294967295  2255752228  2255752229  0  65535  53  53  411  
0  4294967295  2255759733  2255759733  0  65535  25  25  680  
1386235252  1386235255  0  4294967295  750  750  0  65535  173  
0  4294967295  1363107884  1363107887  123  123  0  65535  163  
2077549648  2077549651  0  4294967295  0  65535  0  65535  157  
2147483648  4294967295  186854076  186854077  0  65535  25  25  444  
0  4294967295  2255759770  2255759770  0  65535  80  80  557  
1363109407  1363109407  1363107840  1363107871  0  65535  0  65535  801  
2256011264  2256535551  2147483648  4294967295  0  65535  0  65535  70  
2147483648  4294967295  0  2147483647  0  65535  0  65535  56  
1386235249  1386235249  1363108352  1363108863  1024  65535  1024  65535  796  
0  4294967295  2255759414  2255759415  0  65535  22  22  397  
460008232  460008232  0  2147483647  24032  24032  0  65535  609  
0  4294967295  2255759728  2255759731  0  65535  119  119  183  
0  4294967295  2255752231  2255752231  0  65535  22  22  560  
0  4294967295  3364680226  3364680227  0  65535  25  25  374  
0  2147483647  3364680326  3364680327  53  53  25  25  498  
3368113068  3368113071  0  4294967295  67  67  1024  65535  187  
0  4294967295  1363108124  1363108125  0  65535  23  23  339  
0  4294967295  2255759414  2255759415  0  65535  80  80  398  
173272748  173272751  164018120  164018120  0  65535  0  65535  810  
298650688  298650688  0  2147483647  7648  7648  0  65535  611  
0  4294967295  2255752228  2255752229  0  65535  80  80  414  
0  4294967295  2255760522  2255760523  0  65535  21  21  405  
0  4294967295  0  4294967295  0  65535  750  750  12  
0  4294967295  3364680226  3364680227  0  65535  179  179  265  
0  4294967295  3364680224  3364680224  0  65535  21  21  670  
2147483648  4294967295  186844204  186844205  161  161  0  65535  427  
0  4294967295  173267750  173267751  1024  65535  1024  65535  236  
173268594  173268595  0  4294967295  123  123  80  80  454  
0  2147483647  3364680325  3364680325  0  65535  23  23  631  
0  4294967295  173267744  173267747  0  65535  80  80  192  
0  4294967295  173267896  173267896  0  65535  138  138  636  
186854064  186854065  0  2147483647  53  53  0  65535  353  
0  4294967295  1363108124  1363108125  0  65535  80  80  341  
238547040  238547041  0  4294967295  123  123  22  22  456  
1386243100  1386243101  0  4294967295  161  161  0  65535  296  
0  4294967295  2147483648  4294967295  88  88  0  65535  36  
0  4294967295  1363107884  1363107887  0  65535  22  22  178  
448818496  448818559  0  4294967295  0  65535  0  65535  115  
2147483648  4294967295  173267898  173267899  0  65535  22  22  452  
448818480  448818481  0  4294967295  53  53  0  65535  288  
3462664337  3462664337  2147483648  4294967295  123  123  0  65535  604  
2255759728  2255759743  2147483648  4294967295  0  65535  0  65535  145  
0  4294967295  2147483648  4294967295  0  65535  0  65535  32  
0  4294967295  0  4294967295  0  65535  2105  2105  16  
0  4294967295  0  2147483647  0  65535  0  65535  30  
0  4294967295  2255760886  2255760887  0  65535  22  22  410  
448819200  448823295  0  2147483647  0  65535  0  65535  90  
3364681655  3364681655  3364680325  3364680325  88  88  1024  65535  841  
238547016  238547016  238548384  238548415  0  65535  0  65535  800  
0  4294967295  0  4294967295  0  65535  69  69  26  
2255759398  2255759399  2255757312  2255761407  1024  65535  1024  65535  484  
2147483648  4294967295  186855152  186855153  0  65535  544  544  440  
0  4294967295  1363108120  1363108123  0  65535  123  123  181  
0  4294967295  3364680335  3364680335  0  65535  443  443  666  
0  4294967295  3364680210  3364680211  0  65535  80  80  377  
2255759718  2255759719  2147483648  4294967295  88  88  0  65535  492  
2255880192  2256011263  2147483648  4294967295  0  65535  0  65535  72  
460008234  460008235  410131688  410131695  0  65535  0  65535  352  
0  2147483647  0  4294967295  0  65535  161  161  59  
0  4294967295  1363107882  1363107883  0  65535  161  161  255  
3462664337  3462664337  0  4294967295  161  161  0  65535  573  
0  4294967295  1363107881  1363107881  0  65535  53  53  655  
2147483648  4294967295  173267898  173267899  1024  65535  1024  65535  425  
1073741824  2147483647  186855155  186855155  0  65535  2055  2055  717  
3362992450  3362992451  0  4294967295  53  53  0  65535  283  
0  4294967295  3364680228  3364680231  0  65535  871  871  205  
0  4294967295  173267750  173267751  0  65535  53  53  250  
0  4294967295  3364680226  3364680227  0  65535  67  67  366  
0  2147483647  3364680335  3364680335  0  65535  161  161  770  
0  4294967295  2255759758  2255759759  0  65535  80  80  391  
460008448  460009471  0  4294967295  0  65535  0  65535  98  
1386244096  1386246143  0  4294967295  0  65535  0  65535  96  
186848768  186849279  0  4294967295  0  65535  0  65535  107  
0  4294967295  173267898  173267899  0  65535  80  80  317  
0  4294967295  3364680224  3364680224  0  65535  69  69  668  
3364618240  3364651007  0  4294967295  0  65535  0  65535  76  
0  4294967295  2255759734  2255759735  0  65535  53  53  386  
1363109402  1363109403  0  4294967295  161  161  0  65535  299  
2147483648  4294967295  186854047  186854047  0  65535  53  53  729  
1387266048  1388314623  0  2147483647  0  65535  0  65535  79  
2147483648  4294967295  0  4294967295  0  65535  0  65535  27  
0  4294967295  173267172  173267172  0  65535  80  80  643  
0  4294967295  0  4294967295  53  53  0  65535  7  
1386243102  1386243102  0  2147483647  0  65535  0  65535  523  
3364681655  3364681655  2147483648  4294967295  88  88  0  65535  601  
0  4294967295  0  4294967295  0  65535  25  25  9  
2147483648  4294967295  0  4294967295  0  65535  110  110  55  
2147483648  4294967295  186854078  186854078  0  65535  88  88  621  
238547054  238547054  0  4294967295  750  750  0  65535  585  
186854566  186854567  0  4294967295  24032  24032  0  65535  292  
0  4294967295  173267744  173267747  0  65535  754  754  193  
3368113064  3368113065  0  4294967295  53  53  25  25  422  
0  4294967295  3364680212  3364680215  53  53  22  22  224  
2147483648  4294967295  186855152  186855153  0  65535  7648  7648  439  
2147483648  4294967295  173267898  173267899  0  65535  53  53  433  
2255759396  2255759396  2220414774  2220414774  1024  65535  750  750  851  
0  4294967295  173267900  173267903  0  65535  80  80  190  
238547048  238547051  0  4294967295  53  53  0  65535  172  
2255759396  2255759396  2403139584  2403141631  1024  65535  1024  65535  787  
1386243376  1386243391  0  4294967295  0  65535  0  65535  142  
0  2147483647  3364680325  3364680325  0  65535  25  25  762  
2255759392  2255759395  0  4294967295  53  53  0  65535  168  
0  4294967295  2255752231  2255752231  0  65535  25  25  703  
0  4294967295  3364680226  3364680227  0  65535  2105  2105  371  
0  4294967295  173267898  173267899  0  65535  88  88  314  
1386283008  1386348543  0  4294967295  0  65535  0  65535  86  
0  4294967295  2147483648  3221225471  0  65535  0  65535  64  
3462664352  3462664383  2147483648  4294967295  0  65535  0  65535  138  
0  4294967295  3364680224  3364680224  750  750  138  138  815  
0  4294967295  2255759733  2255759733  0  65535  119  119  682  
0  4294967295  2255752222  2255752222  0  65535  25  25  705  
0  2147483647  3364680325  3364680325  0  65535  22  22  763  
0  4294967295  1363107882  1363107883  1024  65535  1024  65535  238  
2255759716  2255759716  2255760548  2255760551  0  65535  0  65535  806  
2147483648  4294967295  0  2147483647  0  65535  0  65535  57  
0  4294967295  3364680226  3364680227  0  65535  80  80  266  
0  4294967295  2255759734  2255759735  0  65535  8080  8080  388  
1386243328  1386243359  1386243376  1386243383  69  69  544  544  507  
0  4294967295  1363107882  1363107883  0  65535  53  53  258  
448817694  448817695  0  2147483647  0  65535  0  65535  348  
2147483648  4294967295  186854040  186854041  0  65535  22  22  428  
3364681655  3364681655  3221225472  4294967295  0  65535  0  65535  533  
3368113066  3368113066  3368113216  3368113223  0  65535  0  65535  802  
0  4294967295  2255759360  2255759391  0  65535  25  25  134  
0  4294967295  2255759752  2255759755  0  65535  2105  2105  211  
2147483648  4294967295  186844260  186844260  0  65535  22  22  744  
2147483648  4294967295  186844262  186844263  0  65535  123  123  431  
1386235249  1386235249  0  2147483647  53  53  0  65535  615  
0  4294967295  173267750  173267751  0  65535  25  25  318  
3462664338  3462664339  0  4294967295  750  750  0  65535  284  
0  4294967295  2255759419  2255759419  0  65535  80  80  688  
0  4294967295  173267900  173267903  0  65535  22  22  176  
0  4294967295  1363108220  1363108221  0  65535  22  22  347  
2147483648  4294967295  186855155  186855155  0  65535  443  443  725  
2077549658  2077549658  0  4294967295  88  88  0  65535  588  
3462664337  3462664337  0  4294967295  0  65535  0  65535  513  
0  4294967295  2255759758  2255759759  123  123  123  123  482  
2147483648  4294967295  186855152  186855153  0  65535  22  22  436  
3462664384  3462664447  0  4294967295  0  65535  0  65535  114  
2255759718  2255759719  0  4294967295  123  123  1024  65535  302  
0  4294967295  2255760886  2255760887  0  65535  80  80  407  
1386243088  1386243095  186855155  186855155  0  65535  0  65535  803  
448818480  448818481  0  2147483647  88  88  1024  65535  360  
2255759360  2255759391  0  4294967295  0  65535  0  65535  131  
1384120320  1386217471  0  2147483647  0  65535  0  65535  78  
3364679680  3364680703  0  4294967295  0  65535  0  65535  91  
0  4294967295  2255752228  2255752229  0  65535  80  80  278  
0  4294967295  3364680335  3364680335  1024  65535  1024  65535  532  
2147483648  4294967295  186855155  186855155  0  65535  25  25  620  
186854144  186854399  0  4294967295  0  65535  0  65535  111  
173268544  173268545  0  4294967295  53  53  22  22  453  
0  4294967295  1363108124  1363108125  0  65535  750  750  337  
173268890  173268891  0  2147483647  69  69  1024  65535  361  
173268886  173268887  55308288  55310335  1024  65535  1024  65535  305  
0  4294967295  2255759416  2255759417  0  65535  80  80  401  
0  4294967295  3364680224  3364680224  0  65535  2105  2105  671  
1386243100  1386243101  0  4294967295  0  65535  0  65535  225  
0  4294967295  0  4294967295  0  65535  123  123  17  
1386235249  1386235249  0  2147483647  0  65535  0  65535  525  
0  4294967295  2255752228  2255752229  0  65535  123  123  413  
0  4294967295  2255759734  2255759735  1024  65535  1024  65535  237  
0  4294967295  1363108124  1363108125  0  65535  123  123  262  
448815104  448817151  0  2147483647  0  65535  0  65535  92  
0  4294967295  173267750  173267751  0  65535  80  80  251  
3368113066  3368113066  2147483648  4294967295  0  65535  0  65535  521  
0  4294967295  1363108120  1363108123  69  69  0  65535  164  
0  4294967295  1363107882  1363107883  0  65535  37  37  326  
0  4294967295  0  4294967295  0  65535  0  65535  4  
3368113086  3368113086  2147483648  4294967295  0  65535  0  65535  527  
0  2147483647  3364680335  3364680335  0  65535  25  25  633  
0  2147483647  2147483648  4294967295  0  65535  0  65535  77  
0  4294967295  2255760886  2255760887  0  65535  119  119  406  
186854108  186854111  0  4294967295  53  53  0  65535  171  
2147483648  4294967295  186844247  186844247  0  65535  754  754  747  
0  4294967295  2255759808  2255759871  0  65535  25  25  123  
2147483648  4294967295  186854047  186854047  0  65535  21  21  731  
0  4294967295  173267898  173267899  0  65535  143  143  311  
2147483648  4294967295  186854047  186854047  0  65535  879  879  728  
238547040  238547041  0  4294967295  750  750  0  65535  293  
0  4294967295  3364680210  3364680211  0  65535  25  25  379  
3462664340  3462664343  3451754144  3451754144  0  65535  2105  2105  829  
0  4294967295  1363108124  1363108125  0  65535  1999  1999  342  
0  4294967295  2255752224  2255752227  0  65535  22  22  217  
3357529112  3357529119  3357529792  3357529823  69  69  13  13  504  
1386235252  1386235255  0  4294967295  0  65535  0  65535  149  
3364681655  3364681655  2147483648  4294967295  53  53  0  65535  600  
448818203  448818203  0  2147483647  0  65535  53  53  707  
2147483648  4294967295  0  4294967295  0  65535  119  119  54  
0  4294967295  173267898  173267899  0  65535  67  67  313  
0  4294967295  3364680210  3364680211  0  65535  37  37  380  
0  4294967295  164017988  164017991  1024  65535  1024  65535  161  
0  4294967295  1363107884  1363107887  0  65535  80  80  198  
2147483648  4294967295  186844260  186844260  0  65535  53  53  623  
0  4294967295  1363107882  1363107883  0  65535  22  22  334  
0  4294967295  173267748  173267748  0  65535  25  25  640  
2255759716  2255759716  0  4294967295  123  123  0  65535  577  
0  4294967295  1363107881  1363107881  0  65535  139  139  647  
0  2147483647  3364680326  3364680327  0  65535  443  443  461  
1386243102  1386243102  0  2147483647  0  65535  0  65535  524  
2077549656  2077549657  0  4294967295  53  53  0  65535  300  
0  4294967295  173267744  173267747  0  65535  22  22  194  
0  4294967295  1363107881  1363107881  0  65535  22  22  546  
3368113087  3368113087  2147483648  4294967295  53  53  1024  65535  708  
173272730  173272731  1363107881  1363107881  0  65535  22  22  833  
0  2147483647  3364680326  3364680327  0  65535  24032  24032  465  
460008232  460008232  0  1073741823  0  65535  0  65535  530  
3462664335  3462664335  3342832908  3342832909  1024  65535  1024  65535  823  
3368113087  3368113087  0  4294967295  0  65535  0  65535  512  
0  2147483647  3364680325  3364680325  0  65535  21  21  630  
0  4294967295  1363107881  1363107881  0  65535  7649  7649  644  
0  4294967295  1363108127  1363108127  0  65535  25  25  657  
2255759396  2255759396  0  4294967295  7648  7648  0  65535  580  
0  4294967295  3364680228  3364680231  0  65535  80  80  207  
0  2147483647  3364680335  3364680335  0  65535  67  67  771  
2255759716  2255759716  2255759733  2255759733  161  161  1024  65535  844  
0  4294967295  1363108127  1363108127  0  65535  123  123  661  
0  4294967295  2255759413  2255759413  0  65535  137  137  687  
2147483648  4294967295  186855152  186855153  0  65535  53  53  434  
0  2147483647  3364680326  3364680327  0  65535  21  21  470  
0  4294967295  2255760576  2255760639  0  65535  21  21  124  
3368113064  3368113065  2147483648  4294967295  53  53  0  65535  488  
2147483648  4294967295  186855152  186855153  0  65535  21  21  435  
3221225472  4294967295  2255759733  2255759733  0  65535  113  113  775  
0  4294967295  2255752231  2255752231  0  65535  22  22  701  
0  4294967295  1363108220  1363108221  0  65535  143  143  344  
0  4294967295  2255759734  2255759735  0  65535  750  750  389  
0  2147483647  3364680335  3364680335  1024  65535  69  69  719  
460009472  460013567  0  2147483647  0  65535  0  65535  94  
0  4294967295  1363107882  1363107883  0  65535  80  80  327  
1386243100  1386243101  0  4294967295  69  69  0  65535  295  
0  4294967295  2255759758  2255759759  0  65535  2105  2105  393  
2147483648  4294967295  173267898  173267899  0  65535  5999  5999  451  
460008320  460008447  0  4294967295  0  65535  0  65535  85  
2255759398  2255759399  2255757312  2255761407  1024  65535  1024  65535  483  
0  4294967295  2255759758  2255759759  0  65535  22  22  270  
0  4294967295  2255760544  2255760545  0  65535  25  25  404  
1386243100  1386243101  1386242784  1386242799  0  65535  0  65535  356  
3357529129  3357529129  3357529138  3357529139  1024  65535  1024  65535  822  
1363109792  1363109792  1363107882  1363107883  123  123  1024  65535  840  
3362992456  3362992457  2147483648  4294967295  53  53  0  65535  490  
0  4294967295  1363107882  1363107883  0  65535  750  750  335  
0  4294967295  3364680224  3364680224  0  65535  80  80  554  
3462664332  3462664333  3425656139  3425656139  1024  65535  80  80  831  
0  4294967295  3364680332  3364680333  0  65535  21  21  362  
0  4294967295  2255752231  2255752231  1024  65535  21  21  597  
0  4294967295  173267898  173267899  0  65535  21  21  316  
2255759716  2255759716  0  4294967295  0  65535  0  65535  514  
0  4294967295  173267188  173267189  161  161  0  65535  244  
0  2147483647  3364680332  3364680333  0  65535  7648  7648  481  
0  2147483647  3364680326  3364680327  0  65535  53  53  471  
2077550080  2077550591  0  2147483647  0  65535  0  65535  109  
2256535552  2264924159  2147483648  4294967295  0  65535  0  65535  66  
0  4294967295  1363108127  1363108127  0  65535  110  110  658  
0  4294967295  2255752231  2255752231  0  65535  161  161  698  
0  4294967295  1363107882  1363107883  0  65535  754  754  324  
1386235250  1386235251  0  4294967295  88  88  0  65535  297  
0  4294967295  2255759757  2255759757  0  65535  22  22  683  
0  4294967295  1363108216  1363108219  0  65535  123  123  203  
3364681656  3364681663  2255759734  2255759735  0  65535  0  65535  390  
2255759716  2255759716  0  4294967295  67  67  0  65535  576  
0  4294967295  1363108222  1363108222  0  65535  25  25  662  
460008236  460008239  0  4294967295  750  750  0  65535  169  
1363109844  1363109847  0  4294967295  161  161  21  21  235  
460008232  460008232  0  4294967295  53  53  5999  5999  814  
0  4294967295  3364680332  3364680333  0  65535  119  119  363  
0  4294967295  1363108127  1363108127  0  65535  750  750  550  
3462664337  3462664337  3221225472  4294967295  0  65535  0  65535  534  
0  4294967295  3364680226  3364680227  0  65535  119  119  369  
0  2147483647  3364680326  3364680327  0  65535  53  53  458  
0  2147483647  3364680326  3364680327  0  65535  750  750  475  
2147483648  4294967295  186854043  186854043  53  53  0  65535  590  
2147483648  4294967295  186844245  186844245  0  65535  80  80  746  
0  4294967295  173267726  173267727  0  65535  2055  2055  252  
0  4294967295  2255759414  2255759415  0  65535  7648  7648  272  
0  4294967295  3364680226  3364680227  0  65535  23  23  372  
0  4294967295  3364680228  3364680231  0  65535  110  110  206  
186848604  186848604  0  4294967295  0  65535  0  65535  516  
2147483648  4294967295  186844207  186844207  0  65535  53  53  622  
0  4294967295  173267748  173267748  0  65535  37  37  638  
0  2147483647  3364680325  3364680325  0  65535  139  139  761  
0  4294967295  0  4294967295  33434  33600  1024  65535  6  
1386243456  1386243583  0  2147483647  0  65535  0  65535  119  
0  4294967295  0  4294967295  0  65535  53  53  10  
0  2147483647  3364680326  3364680327  0  65535  23  23  467  
0  4294967295  3364680335  3364680335  0  65535  113  113  667  
1386243104  1386243135  1386242784  1386242799  750  750  2105  2105  501  
0  4294967295  0  2147483647  0  65535  80  80  37  
3357529572  3357529572  0  4294967295  53  53  0  65535  569  
0  4294967295  1363108120  1363108123  0  65535  25  25  179  
2147483648  4294967295  186854032  186854033  69  69  0  65535  426  
0  4294967295  1363107882  1363107883  0  65535  22  22  256  
0  4294967295  1363108220  1363108221  0  65535  80  80  346  
2255759716  2255759716  2147483648  4294967295  0  65535  0  65535  528  
3368112128  3368112639  0  4294967295  0  65535  0  65535  104  
0  4294967295  2255759408  2255759411  0  65535  53  53  212  
0  4294967295  173267900  173267903  1024  65535  750  750  186  
460008234  460008235  1363108864  1363109887  1024  65535  1024  65535  351  
2255759716  2255759716  3364680704  3364681727  1024  65535  1024  65535  791  
448817904  448817911  0  4294967295  0  65535  0  65535  155  
3368113084  3368113085  2147483648  4294967295  0  65535  25  25  493  
1386243365  1386243365  1363108864  1363109887  1024  65535  1024  65535  793  
0  4294967295  3364680335  3364680335  0  65535  53  53  664  
0  2147483647  0  4294967295  0  65535  7649  7649  62  
460008224  460008231  460008896  460008911  24032  24032  750  750  508  
0  4294967295  2255759758  2255759759  0  65535  53  53  394  
0  4294967295  0  2147483647  0  65535  80  80  44  
0  4294967295  2255760886  2255760887  0  65535  754  754  409  
1386235250  1386235251  0  2147483647  88  88  0  65535  359  
2147483648  4294967295  0  4294967295  33434  33600  1024  65535  34  
0  4294967295  0  4294967295  0  65535  161  161  20  
1386243096  1386243099  1363107881  1363107881  0  65535  0  65535  811  
0  4294967295  1363107881  1363107881  0  65535  88  88  547  
2255759718  2255759719  2147483648  4294967295  53  53  0  65535  491  
1386243102  1386243102  1386242752  1386242783  0  65535  0  65535  798  
0  4294967295  3364680210  3364680211  0  65535  1999  1999  268  
2147483648  4294967295  173267898  173267899  1024  65535  1024  65535  424  
0  4294967295  1363107882  1363107883  0  65535  123  123  329  
0  4294967295  1363107881  1363107881  123  123  0  65535  542  
0  4294967295  1363107884  1363107887  0  65535  443  443  199  
3221225472  4294967295  2255759733  2255759733  0  65535  7648  7648  774  
1386243100  1386243101  0  2147483647  161  161  0  65535  355  
0  4294967295  3364680226  3364680227  0  65535  69  69  375  
0  4294967295  1363107881  1363107881  0  65535  5999  5999  654  
0  4294967295  2255752228  2255752229  0  65535  22  22  418  
0  4294967295  3364680212  3364680215  1024  65535  1024  65535  162  
0  2147483647  3364680325  3364680325  1024  65535  161  161  718  
0  2147483647  3364680325  3364680325  0  65535  80  80  758  
2147483648  4294967295  186855155  186855155  0  65535  22  22  724  
0  4294967295  3364680224  3364680224  0  65535  13  13  672  
0  2147483647  3364680325  3364680325  750  750  0  65535  591  
0  4294967295  2255752216  2255752219  0  65535  443  443  221  
2147483648  4294967295  173267896  173267896  0  65535  80  80  626  
0  2147483647  3364680332  3364680333  0  65535  5998  5998  480  
0  4294967295  164018030  164018031  0  65535  53  53  322  
0  4294967295  3364680226  3364680227  0  65535  53  53  370  
0  4294967295  2255752220  2255752221  0  65535  123  123  419  
2147483648  3221225471  3364680325  3364680325  0  65535  871  871  715  
0  4294967295  3364680228  3364680231  0  65535  80  80  182  
238547009  238547009  1363107882  1363107883  0  65535  123  123  830  
0  4294967295  2255752228  2255752229  1024  65535  21  21  308  
2255759728  2255759743  0  4294967295  0  65535  0  65535  137  
1386243365  1386243365  1490253200  1490253200  0  65535  0  65535  820  
3462664352  3462664383  2147483648  4294967295  0  65535  0  65535  135  
2255759716  2255759716  0  4294967295  7648  7648  123  123  813  
1386243366  1386243367  0  2147483647  88  88  0  65535  357  
0  4294967295  0  2147483647  0  65535  25  25  49  
186853376  186853887  0  4294967295  0  65535  0  65535  106  
0  4294967295  3364680209  3364680209  0  65535  7648  7648  675  
0  4294967295  1363107884  1363107887  0  65535  2105  2105  196  
2255759716  2255759716  2255760547  2255760547  1024  65535  544  544  850  
3364681632  3364681647  0  4294967295  0  65535  0  65535  136  
2147483648  4294967295  186844207  186844207  0  65535  53  53  738  
0  4294967295  0  4294967295  0  65535  22  22  23  
1386741760  1387266047  0  4294967295  0  65535  0  65535  81  
1386235249  1386235249  1386234798  1386234798  0  65535  1999  1999  849  
0  4294967295  2255760544  2255760545  0  65535  80  80  403  
0  4294967295  2255759414  2255759415  0  65535  22  22  399  
0  4294967295  3364680226  3364680227  1024  65535  1024  65535  240  
0  4294967295  2255759734  2255759735  0  65535  5999  5999  387  
0  4294967295  1363108220  1363108221  1024  65535  1024  65535  239  
460008232  460008232  1363107840  1363107871  0  65535  0  65535  799  
0  4294967295  0  2147483647  0  65535  123  123  46  
3362992449  3362992449  0  4294967295  0  65535  0  65535  509  
0  4294967295  2255759414  2255759415  0  65535  544  544  400  
1386243365  1386243365  0  4294967295  0  65535  0  65535  511  
3364681652  3364681653  0  4294967295  123  123  0  65535  281  
0  4294967295  2255759758  2255759759  0  65535  22  22  392  
0  4294967295  173267726  173267727  1024  65535  88  88  306  
0  4294967295  1363107881  1363107881  0  65535  123  123  645  
0  4294967295  1363107884  1363107887  0  65535  161  161  197  
2147483648  4294967295  186855152  186855153  0  65535  161  161  438  
2252341248  2254438399  2147483648  4294967295  0  65535  0  65535  67  
0  4294967295  2255759419  2255759419  0  65535  22  22  559  
1073741824  2147483647  186855155  186855155  0  65535  7648  7648  784  
0  4294967295  2255759768  2255759769  0  65535  110  110  396  
0  4294967295  2255752228  2255752229  0  65535  53  53  279  
2255759398  2255759399  0  4294967295  123  123  0  65535  286  
0  4294967295  2255760548  2255760551  0  65535  67  67  215  
2255759716  2255759716  0  4294967295  750  750  0  65535  579  
3462692864  3462725631  0  4294967295  0  65535  0  65535  75  
0  4294967295  3364680208  3364680208  0  65535  21  21  556  
2077549652  2077549653  0  4294967295  0  65535  0  65535  228  
2255759718  2255759719  2147483648  4294967295  0  65535  0  65535  486  
0  2147483647  0  4294967295  0  65535  544  544  58  
1386235250  1386235251  186855155  186855155  0  65535  0  65535  821  
3364681648  3364681651  3221225472  4294967295  0  65535  0  65535  381  
0  4294967295  2255752228  2255752229  0  65535  1999  1999  417  
0  4294967295  0  4294967295  0  65535  80  80  24  
1386243102  1386243102  0  2147483647  161  161  0  65535  614  
0  4294967295  0  4294967295  0  65535  0  65535  0  
2255759680  2255759711  3364680704  3364681727  0  65535  25  25  499  
2147483648  4294967295  173267898  173267899  53  53  53  53  497  
448818203  448818203  0  2147483647  53  53  1024  65535  709  
0  4294967295  2255752231  2255752231  0  65535  67  67  699  
2147483648  4294967295  186854038  186854038  0  65535  22  22  733  
3462664337  3462664337  0  4294967295  750  750  0  65535  571  
3364681655  3364681655  3364681728  3364683775  1024  65535  1024  65535  786  
2255759716  2255759716  2220414781  2220414781  67  67  1024  65535  843  
0  4294967295  173267898  173267899  0  65535  123  123  312  
0  4294967295  2147483648  4294967295  0  65535  0  65535  33  
0  4294967295  2255760544  2255760545  0  65535  544  544  275  
2255759720  2255759727  0  4294967295  0  65535  0  65535  150  
0  4294967295  2255752222  2255752222  0  65535  443  443  704  
0  2147483647  2147483648  4294967295  0  65535  0  65535  63  
0  2147483647  3364680332  3364680333  0  65535  22  22  463  
448818488  448818491  0  4294967295  53  53  0  65535  170  
0  4294967295  2255759770  2255759770  0  65535  22  22  558  
0  4294967295  2255752228  2255752229  1024  65535  80  80  309  
2077549658  2077549658  0  4294967295  161  161  0  65535  587  
0  4294967295  2255759768  2255759769  0  65535  137  137  395  
1386243365  1386243365  0  1073741823  0  65535  0  65535  536  
2147483648  4294967295  186855155  186855155  1024  65535  1024  65535  537  
2255759718  2255759719  0  4294967295  53  53  0  65535  285  
0  4294967295  3364680226  3364680227  0  65535  544  544  376  
173264896  173266943  0  2147483647  0  65535  0  65535  93  
238547052  238547053  0  2147483647  123  123  0  65535  354  
0  4294967295  1363108124  1363108125  0  65535  22  22  260  
0  2147483647  3364680326  3364680327  0  65535  754  754  466  
0  4294967295  2255760886  2255760887  0  65535  13  13  277  
2255759718  2255759719  2255759728  2255759731  0  65535  0  65535  496  
0  4294967295  1363108220  1363108221  0  65535  53  53  345  
1386243104  1386243135  0  4294967295  0  65535  0  65535  133  
0  4294967295  3364680212  3364680215  0  65535  22  22  209  
2255759716  2255759716  0  4294967295  0  65535  0  65535  515  
3364681655  3364681655  0  4294967295  67  67  0  65535  564  
1386243096  1386243099  0  4294967295  0  65535  0  65535  159  
0  4294967295  1363107882  1363107883  0  65535  443  443  330  
2255759716  2255759716  0  4294967295  69  69  0  65535  578  
2147483648  4294967295  173267896  173267896  0  65535  2401  2401  754  
297096226  297096226  297095850  297095851  0  65535  754  754  832  
460008232  460008232  460008950  460008951  53  53  1024  65535  837  
0  2147483647  3364680326  3364680327  1024  65535  80  80  464  
3368113066  3368113066  0  4294967295  750  750  1024  65535  593  
3462664337  3462664337  2147483648  4294967295  24032  24032  0  65535  605  
0  2147483647  3364680335  3364680335  1024  65535  1024  65535  539  
2255759396  2255759396  3364680704  3364681727  1024  65535  1024  65535  792  
0  4294967295  0  2147483647  0  65535  179  179  47  
0  4294967295  0  4294967295  0  65535  21  21  13  
460008192  460008223  0  4294967295  0  65535  0  65535  127  
0  4294967295  2255752224  2255752227  0  65535  123  123  218  
2147483648  4294967295  186855155  186855155  0  65535  22  22  619  
460008224  460008231  0  4294967295  0  65535  0  65535  154  
3364681648  3364681651  2147483648  4294967295  0  65535  0  65535  234  
460008232  460008232  0  1073741823  0  65535  0  65535  535  
0  4294967295  1363107881  1363107881  0  65535  110  110  649  
0  4294967295  3364680226  3364680227  0  65535  754  754  264  
0  4294967295  0  4294967295  0  65535  53  53  19  
2147483648  4294967295  186854039  186854039  0  65535  53  53  734  
1386243102  1386243102  1506069885  1506069885  53  53  1024  65535  846  
0  2147483647  3364680326  3364680327  1024  65535  1024  65535  457  
2147483648  4294967295  186844207  186844207  0  65535  80  80  742  
2255759680  2255759711  0  4294967295  0  65535  0  65535  130  
0  2147483647  3364680325  3364680325  0  65535  123  123  759  
3364681664  3364681727  0  4294967295  0  65535  0  65535  116  
173268576  173268577  0  4294967295  750  750  0  65535  291  
0  4294967295  1363108127  1363108127  0  65535  21  21  551  
0  4294967295  1363108127  1363108127  0  65535  53  53  549  
0  4294967295  1363107881  1363107881  0  65535  22  22  653  
0  4294967295  1363107882  1363107883  0  65535  88  88  253  
2255759398  2255759399  0  4294967295  0  65535  0  65535  231  
0  2147483647  3364680335  3364680335  0  65535  80  80  768  
0  4294967295  1363108124  1363108125  0  65535  88  88  343  
0  4294967295  2255760547  2255760547  0  65535  754  754  692  
0  4294967295  0  4294967295  1024  65535  33434  33600  5  
0  4294967295  1363107881  1363107881  0  65535  2105  2105  646  
3221225472  4294967295  2255759733  2255759733  0  65535  544  544  712  
3368113064  3368113065  0  4294967295  0  65535  0  65535  226  
186854120  186854123  186855156  186855159  0  65535  0  65535  223  
3368113064  3368113065  3406624804  3406624804  0  65535  443  443  828  
0  4294967295  1363107881  1363107881  0  65535  1999  1999  548  
0  4294967295  3364680226  3364680227  0  65535  123  123  267  
0  2147483647  3364680326  3364680327  0  65535  5999  5999  460  
0  4294967295  2255759733  2255759733  0  65535  110  110  677  
1386243102  1386243102  0  4294967295  123  123  0  65535  586  
1386243072  1386243087  186855104  186855135  161  161  2105  2105  500  
460008234  460008235  0  4294967295  7648  7648  1024  65535  303  
3364681648  3364681651  3364680326  3364680327  0  65535  0  65535  382  
0  4294967295  2255752231  2255752231  0  65535  123  123  697  
0  4294967295  2255759733  2255759733  0  65535  1999  1999  678  
0  4294967295  1363107882  1363107883  0  65535  7326  7326  332  
2255759716  2255759716  2147483648  4294967295  7648  7648  0  65535  606  
0  4294967295  1363107882  1363107883  0  65535  53  53  331  
0  2147483647  2147483648  4294967295  0  65535  22  22  80  
0  4294967295  3364680226  3364680227  0  65535  123  123  373  
3364681600  3364681631  0  4294967295  0  65535  0  65535  129  
0  4294967295  173267898  173267899  0  65535  22  22  246  
0  4294967295  2255760884  2255760884  0  65535  88  88  696  
0  4294967295  173267750  173267751  0  65535  2105  2105  248  
0  2147483647  3364680335  3364680335  0  65535  21  21  767  
0  4294967295  2255752228  2255752229  0  65535  25  25  412  
0  4294967295  2255759757  2255759757  0  65535  179  179  684  
1386243102  1386243102  0  2147483647  69  69  0  65535  613  
0  2147483647  3364680335  3364680335  0  65535  7326  7326  634  
0  4294967295  1363107884  1363107887  0  65535  23  23  201  
0  4294967295  3364680224  3364680224  0  65535  53  53  555  
186848308  186848308  1073741824  2147483647  53  53  0  65535  722  
1386243104  1386243135  0  4294967295  0  65535  0  65535  128  
0  4294967295  173267750  173267751  0  65535  879  879  247  
3368113066  3368113066  2147483648  4294967295  161  161  0  65535  602  
1386243072  1386243087  1363107888  1363107903  67  67  80  80  506  
448818432  448818463  0  1073741823  0  65535  0  65535  147  
0  4294967295  3364680226  3364680227  0  65535  80  80  367  
3221225472  4294967295  2255759733  2255759733  0  65535  123  123  776  
0  4294967295  173267776  173267839  0  65535  443  443  120  
0  4294967295  2255760880  2255760883  0  65535  25  25  216  
460008232  460008232  415339872  415339879  0  65535  0  65535  804  
0  4294967295  173267744  173267747  0  65535  123  123  177  
3462664340  3462664343  0  4294967295  88  88  1024  65535  189  
0  4294967295  3364680224  3364680224  0  65535  69  69  553  
460007424  460007935  0  2147483647  0  65535  0  65535  112  
3357529696  3357529711  0  4294967295  0  65535  0  65535  140  
0  4294967295  0  2147483647  0  65535  0  65535  29  
448818199  448818199  0  4294967295  750  750  0  65535  581  
0  4294967295  2255760521  2255760521  0  65535  22  22  693  
0  4294967295  2255760547  2255760547  0  65535  7648  7648  691  
0  4294967295  2255760548  2255760551  0  65535  25  25  184  
3364681648  3364681651  0  4294967295  161  161  0  65535  166  
0  2147483647  3364680325  3364680325  0  65535  750  750  764  
2147483648  3221225471  3364680325  3364680325  0  65535  21  21  781  
2255759872  2255760383  0  4294967295  0  65535  0  65535  100  
448818480  448818481  1363107881  1363107881  1024  65535  1024  65535  817  
0  4294967295  2147483648  4294967295  0  65535  110  110  39  
0  4294967295  1363107882  1363107883  0  65535  80  80  257  
0  4294967295  0  4294967295  0  65535  37  37  18  
0  4294967295  2255752222  2255752222  0  65535  22  22  562  
0  2147483647  0  4294967295  750  750  0  65535  40  
0  1073741823  1363107881  1363107881  0  65535  22  22  782  
0  4294967295  2255759414  2255759415  0  65535  80  80  271  
2147483648  4294967295  173267896  173267896  0  65535  110  110  624  
2147483648  4294967295  186855152  186855153  0  65535  754  754  442  
448817690  448817690  0  2147483647  53  53  0  65535  610  
0  4294967295  2255759413  2255759413  0  65535  22  22  686  
2255759716  2255759716  2255760544  2255760545  1024  65535  1024  65535  818  
1386235249  1386235249  0  2147483647  750  750  0  65535  616  
2255759718  2255759719  2147483648  4294967295  123  123  1024  65535  495  
0  4294967295  0  4294967295  0  65535  24032  24032  25  
2255759396  2255759396  2147483648  4294967295  161  161  0  65535  608  
2255759396  2255759396  2220414776  2220414779  0  65535  0  65535  808  
448818492  448818492  420611072  420611583  1024  65535  1024  65535  795  
0  2147483647  3364680325  3364680325  0  65535  879  879  755  
0  2147483647  3364680326  3364680327  0  65535  69  69  468  
2147483648  3221225471  3364680325  3364680325  0  65535  2401  2401  780  
3368113068  3368113071  0  4294967295  162  162  1024  65535  188  
173272740  173272740  0  4294967295  69  69  0  65535  582  
0  4294967295  1363107884  1363107887  0  65535  544  544  200  
171966464  173015039  0  4294967295  0  65535  0  65535  83  
0  4294967295  173267724  173267724  0  65535  750  750  544  
0  4294967295  1363108124  1363108125  88  88  0  65535  245  
0  4294967295  0  4294967295  0  65535  1999  1999  15  
0  4294967295  2255759734  2255759735  0  65535  53  53  269  
2255759680  2255759711  2147483648  4294967295  0  65535  0  65535  139  
173272720  173272721  1363107882  1363107883  0  65535  0  65535  421  
173268890  173268891  173267896  173267896  53  53  1024  65535  834  
2147483648  4294967295  186854034  186854034  0  65535  750  750  735  
2255759716  2255759716  3221225472  4294967295  53  53  0  65535  721  
2147483648  4294967295  173267896  173267896  0  65535  22  22  753  
2147483648  4294967295  173267896  173267896  0  65535  544  544  748  
3364681655  3364681655  0  4294967295  750  750  0  65535  563  
3368113086  3368113086  0  4294967295  123  123  22  22  812  
448817792  448817855  0  2147483647  0  65535  0  65535  121  
0  4294967295  1363107888  1363107903  0  65535  123  123  148  
0  4294967295  1363108222  1363108222  0  65535  119  119  552  
0  2147483647  3364680332  3364680333  0  65535  22  22  478  
0  4294967295  0  2147483647  0  65535  0  65535  31  
0  4294967295  2255752220  2255752221  750  750  22  22  485  
238547056  238547071  1363107888  1363107903  53  53  22  22  505  
0  2147483647  3364680326  3364680327  0  65535  123  123  474  
0  2147483647  0  4294967295  0  65535  80  80  42  
0  4294967295  2255760548  2255760551  0  65535  80  80  213  
1386235249  1386235249  1386234864  1386234864  1024  65535  1024  65535  827  
0  2147483647  3364680332  3364680333  0  65535  110  110  462  
2255759872  2255760383  0  4294967295  0  65535  0  65535  99  
1386235252  1386235255  0  4294967295  0  65535  0  65535  160  
186854067  186854067  186855155  186855155  1024  65535  544  544  852  
2255759392  2255759395  2147483648  4294967295  0  65535  0  65535  232  
0  4294967295  2255759733  2255759733  0  65535  21  21  679  
2147483648  4294967295  186844204  186844205  0  65535  0  65535  423  
0  2147483647  3364680326  3364680327  0  65535  22  22  472  
1386243100  1386243101  0  4294967295  123  123  0  65535  294  
0  4294967295  0  4294967295  0  65535  123  123  14  
173272732  173272735  0  2147483647  0  65535  0  65535  204  
3221225472  4294967295  0  4294967295  53  53  0  65535  73  
1386235249  1386235249  0  2147483647  88  88  0  65535  617  
0  2147483647  3364680325  3364680325  0  65535  750  750  627  
0  4294967295  173267724  173267724  0  65535  544  544  641  
3368113066  3368113066  0  4294967295  53  53  0  65535  566  
2255759716  2255759716  0  4294967295  161  161  0  65535  575  
0  4294967295  2147483648  4294967295  0  65535  123  123  38  
2147483648  4294967295  173267898  173267899  0  65535  143  143  448  
2147483648  4294967295  186855152  186855153  0  65535  5999  5999  441  
0  4294967295  173267748  173267748  0  65535  443  443  639  
2147483648  4294967295  186854047  186854047  0  65535  22  22  730  
0  4294967295  2255759416  2255759417  0  65535  179  179  273  
0  2147483647  3364680325  3364680325  0  65535  53  53  757  
0  4294967295  173267192  173267192  0  65535  88  88  642  
2252341248  2254438399  2147483648  4294967295  0  65535  0  65535  68  
0  4294967295  1363107881  1363107881  0  65535  754  754  652  
0  4294967295  2147483648  4294967295  0  65535  53  53  50  
3362992384  3362992447  2147483648  4294967295  0  65535  0  65535  125  
0  4294967295  173267748  173267748  0  65535  53  53  637  
2147483648  4294967295  186844207  186844207  0  65535  23  23  743  
2147483648  4294967295  0  4294967295  0  65535  53  53  53  
1386235904  1386237951  0  2147483647  0  65535  0  65535  103  
3368113066  3368113066  0  4294967295  69  69  1024  65535  592  
2255759424  2255759487  0  4294967295  0  65535  0  65535  117  
3368113066  3368113066  0  4294967295  24032  24032  0  65535  567  
0  4294967295  2147483648  4294967295  0  65535  123  123  51  
2147483648  4294967295  186844207  186844207  1024  65535  1024  65535  538  
3357529528  3357529535  3357528364  3357528365  0  65535  0  65535  222  
2077549654  2077549654  2077550379  2077550379  1024  65535  119  119  853  
238547009  238547009  49197056  49199103  1024  65535  1024  65535  788  
0  4294967295  2255752220  2255752221  0  65535  22  22  420  
0  4294967295  0  4294967295  0  65535  0  65535  1  
238547042  238547042  0  2147483647  67  67  1024  65535  710  
0  4294967295  2255752228  2255752229  0  65535  113  113  415  
2147483648  3221225471  3364680325  3364680325  0  65535  80  80  779  
1386243584  1386244095  0  4294967295  0  65535  0  65535  101  
0  2147483647  0  4294967295  0  65535  22  22  61  
0  4294967295  1363107882  1363107883  0  65535  110  110  333  
3364681648  3364681651  0  4294967295  53  53  161  161  233  
1386243366  1386243367  0  2147483647  161  161  0  65535  358  
2147483648  3221225471  3364680325  3364680325  0  65535  88  88  714  
0  4294967295  2255760524  2255760525  0  65535  123  123  276  
0  4294967295  0  2147483647  0  65535  24032  24032  48  
0  2147483647  3364680325  3364680325  0  65535  53  53  760  
0  4294967295  2255752222  2255752222  0  65535  53  53  706  
0  4294967295  0  4294967295  0  65535  0  65535  3  
3357529528  3357529535  2147483648  4294967295  0  65535  0  65535  144  
3462664352  3462664383  0  4294967295  0  65535  0  65535  126  
173268912  173268915  0  4294967295  0  65535  0  65535  158  
2255759716  2255759716  0  4294967295  0  65535  25  25  598  
460008234  460008235  0  4294967295  750  750  0  65535  287  
0  4294967295  1363107882  1363107883  0  65535  544  544  325  
0  4294967295  2255760547  2255760547  0  65535  24032  24032  689  
2147483648  4294967295  173267896  173267896  0  65535  139  139  750  
0  4294967295  1363107882  1363107883  0  65535  139  139  254  
3368113088  3368113151  3406624814  3406624814  0  65535  0  65535  797  
0  4294967295  1363108124  1363108125  0  65535  80  80  261  
3364681655  3364681655  3364681728  3364683775  1024  65535  1024  65535  785  
0  4294967295  2255752231  2255752231  0  65535  750  750  700  
0  4294967295  3342835744  3342835747  0  65535  69  69  210  
2255757312  2255759359  0  4294967295  0  65535  0  65535  89  
0  4294967295  173267896  173267896  53  53  0  65535  541  
2147483648  4294967295  186854078  186854078  0  65535  53  53  736  
2255759720  2255759727  0  4294967295  0  65535  0  65535  152  
0  2147483647  0  4294967295  0  65535  110  110  60  
460008232  460008232  0  4294967295  0  65535  0  65535  510  
2147483648  4294967295  186844207  186844207  0  65535  21  21  741  
2077549654  2077549654  0  1073741823  88  88  0  65535  723  
186854016  186854047  0  4294967295  0  65535  0  65535  132  
0  4294967295  3364680228  3364680231  53  53  0  65535  165  
0  4294967295  2255752228  2255752229  1024  65535  22  22  310  
2256011264  2256535551  0  4294967295  0  65535  0  65535  69  
3364681656  3364681663  2147483648  4294967295  0  65535  0  65535  143  
0  2147483647  3364680335  3364680335  0  65535  25  25  766  
173268917  173268917  0  4294967295  750  750  1024  65535  594  
0  4294967295  1363107881  1363107881  0  65535  69  69  650  
0  4294967295  3364680332  3364680333  0  65535  80  80  263  
287115264  287115391  0  2147483647  0  65535  0  65535  118  
0  4294967295  3364680335  3364680335  0  65535  25  25  665  
0  4294967295  1363108120  1363108123  0  65535  2105  2105  180  
0  4294967295  1363107882  1363107883  0  65535  25  25  328  
186848758  186848759  0  2147483647  0  65535  0  65535  349  
1386235200  1386235231  1363107888  1363107903  750  750  25  25  502  
0  4294967295  0  4294967295  0  65535  750  750  21  
0  4294967295  3364680335  3364680335  1024  65535  1024  65535  519  
3462664337  3462664337  0  4294967295  53  53  0  65535  572  
0  4294967295  2255752224  2255752227  0  65535  123  123  219  
0  4294967295  0  2147483647  53  53  0  65535  35  
1386235200  1386235231  186855136  186855151  53  53  2055  2055  503  
2147483648  4294967295  173267896  173267896  0  65535  22  22  625  
0  4294967295  2255760884  2255760884  0  65535  80  80  695  
448817894  448817895  0  4294967295  24032  24032  0  65535  290  
0  4294967295  3364680224  3364680224  0  65535  88  88  673  
0  1073741823  1363107881  1363107881  0  65535  750  750  783  
0  4294967295  173267750  173267751  0  65535  110  110  249  
2255880192  2256011263  0  4294967295  0  65535  0  65535  71  
0  4294967295  0  4294967295  0  65535  0  65535  2  
0  4294967295  2255760886  2255760887  0  65535  25  25  408  
332013344  332013359  0  4294967295  0  65535  0  65535  141  
3221225472  4294967295  2255759733  2255759733  0  65535  7648  7648  713  
2147483648  4294967295  186855155  186855155  0  65535  873  873  726  
1386243102  1386243102  0  4294967295  123  123  1024  65535  595  
2147483648  4294967295  173267898  173267899  0  65535  5999  5999  432  
0  4294967295  2255759416  2255759417  0  65535  22  22  402  
1386235249  1386235249  1386233856  1386234879  1024  65535  1024  65535  794  
186848310  186848311  164018113  164018113  88  88  1024  65535  835  
0  2147483647  3364680325  3364680325  0  65535  119  119  756  
0  4294967295  1363108124  1363108125  0  65535  5999  5999  338  
2147483648  4294967295  186854076  186854077  0  65535  53  53  445  
0  4294967295  2255760548  2255760551  0  65535  754  754  214  
295698432  296747007  0  4294967295  0  65535  0  65535  82  
0  4294967295  2255752224  2255752227  0  65535  53  53  220  
1386243100  1386243101  186855155  186855155  1024  65535  1024  65535  825  
2147483648  4294967295  186855155  186855155  0  65535  162  162  727  
2255759716  2255759716  2255759728  2255759731  0  65535  0  65535  807  
0  2147483647  3364680326  3364680327  0  65535  23  23  459  
0  4294967295  2255752228  2255752229  0  65535  879  879  416  
0  4294967295  1363107881  1363107881  0  65535  88  88  656  
1386243136  1386243199  0  2147483647  0  65535  0  65535  122  
2147483648  4294967295  0  4294967295  0  65535  80  80  41  
2147483648  4294967295  173267898  173267899  0  65535  443  443  449  
2147483648  4294967295  186855155  186855155  123  123  0  65535  589  
2147483648  4294967295  186854043  186854043  0  65535  53  53  732  
0  4294967295  0  2147483647  0  65535  21  21  45  
448856064  448921599  0  4294967295  0  65535  0  65535  84  
460008234  460008235  0  2147483647  0  65535  879  879  350  
0  4294967295  2255752231  2255752231  0  65535  21  21  702  
2147483648  4294967295  173267896  173267896  0  65535  25  25  749  
2077549658  2077549658  0  2147483647  88  88  53  53  826  
2147483648  4294967295  173267896  173267896  0  65535  88  88  752  
0  4294967295  173267750  173267751  0  65535  22  22  320  
1386243102  1386243102  1506069052  1506069053  69  69  1024  65535  839  
2147483648  4294967295  186844207  186844207  0  65535  750  750  739  
0  4294967295  3364680208  3364680208  0  65535  21  21  676  
460008232  460008232  1363108864  1363109887  1024  65535  1024  65535  789  
0  4294967295  2255759756  2255759756  1024  65535  871  871  596  
2077549652  2077549653  2016593920  2016595967  1024  65535  1024  65535  229  
173268886  173268887  0  4294967295  88  88  1024  65535  304  
0  4294967295  3364680226  3364680227  0  65535  22  22  368  
0  2147483647  0  4294967295  0  65535  53  53  43  
0  2147483647  3364680332  3364680333  0  65535  21  21  476  
2147483648  4294967295  186844204  186844205  0  65535  25  25  430  
0  4294967295  3364680228  3364680231  0  65535  22  22  208  
186854637  186854637  0  4294967295  53  53  0  65535  583  
186848768  186849279  0  2147483647  0  65535  0  65535  113  
1386243365  1386243365  0  4294967295  0  65535  25  25  599  
3462664320  3462664327  0  4294967295  0  65535  0  65535  151  
448818196  448818197  0  4294967295  750  750  0  65535  289  
0  4294967295  2255760521  2255760521  123  123  0  65535  543  
0  2147483647  3364680325  3364680325  0  65535  544  544  632  
0  4294967295  1363108127  1363108127  0  65535  22  22  660  
3221225472  4294967295  2255759733  2255759733  1024  65535  25  25  772  
1386235252  1386235255  0  4294967295  69  69  0  65535  174  
0  4294967295  2255759734  2255759735  0  65535  23  23  384  
2214592512  2248146943  0  4294967295  0  65535  0  65535  65  
1386243102  1386243102  0  2147483647  53  53  1024  65535  711  
3362992448  3362992448  0  4294967295  24032  24032  0  65535  570  
2147483648  4294967295  186854040  186854041  0  65535  162  162  443  
0  4294967295  3364680224  3364680224  0  65535  8080  8080  669  
173268912  173268915  173267896  173267896  0  65535  0  65535  809  
448806912  448815103  0  4294967295  0  65535  0  65535  87  
3357529574  3357529575  0  4294967295  0  65535  123  123  243  
2147483648  4294967295  0  4294967295  0  65535  754  754  52  
3364681648  3364681651  3406616514  3406616515  0  65535  0  65535  383  
2147483648  4294967295  186854076  186854077  0  65535  21  21  429  
0  4294967295  1363107881  1363107881  0  65535  24032  24032  651  
3368113066  3368113066  0  4294967295  67  67  0  65535  568  
0  2147483647  3364680325  3364680325  0  65535  0  65535  529  
0  4294967295  2255759733  2255759733  0  65535  69  69  681  
238547056  238547071  0  2147483647  0  65535  0  65535  156  
0  4294967295  2220414752  2220414753  1024  65535  1024  65535  242  
2147483648  4294967295  186855152  186855153  0  65535  123  123  437  
2255759744  2255759871  0  4294967295  0  65535  0  65535  110  
0  4294967295  2255760544  2255760545  0  65535  22  22  274  
0  4294967295  2255759734  2255759735  0  65535  80  80  385  
1386243102  1386243102  1363108864  1363109887  1024  65535  1024  65535  790  
0  4294967295  1363108127  1363108127  0  65535  37  37  659  
3462664338  3462664339  0  4294967295  88  88  1024  65535  301  
3368113066  3368113066  2147483648  4294967295  0  65535  0  65535  526  
3462664328  3462664331  0  4294967295  750  750  0  65535  167  
0  4294967295  1363108124  1363108125  0  65535  123  123  340  
0  2147483647  3364680325  3364680325  0  65535  53  53  629  
0  4294967295  1363107882  1363107883  1024  65535  53  53  307  
2147483648  4294967295  186844204  186844205  0  65535  5999  5999  447  
3372220416  3388997631  0  4294967295  0  65535  0  65535  74  
2255757312  2255759359  2147483648  4294967295  0  65535  0  65535  102  
0  4294967295  173267144  173267144  1024  65535  1024  65535  517  
173272739  173272739  0  2147483647  0  65535  0  65535  522  
2147483648  4294967295  186844207  186844207  0  65535  123  123  740  
2255759718  2255759719  2147483648  4294967295  0  65535  138  138  487  
0  4294967295  173267900  173267903  0  65535  88  88  191  
3368113087  3368113087  2147483648  4294967295  24032  24032  0  65535  603  
0  4294967295  3364680209  3364680209  0  65535  80  80  674  
0  4294967295  0  4294967295  0  65535  80  80  11  
1386243365  1386243365  1490252816  1490252816  0  65535  53  53  848  
1386243360  1386243363  186855155  186855155  0  65535  0  65535  805  
0  4294967295  173267872  173267887  0  65535  179  179  146  
2255759718  2255759719  0  4294967295  0  65535  0  65535  227  
448818492  448818492  430839964  430839965  1024  65535  1024  65535  819  
0  2147483647  3364680332  3364680333  0  65535  24032  24032  477  
238547016  238547016  211925941  211925941  0  65535  25  25  847  
0  4294967295  3364680210  3364680211  0  65535  21  21  378  
2077549648  2077549651  0  1073741823  0  65535  0  65535  323  
0  4294967295  0  4294967295  123  123  0  65535  8  
2255759716  2255759716  0  4294967295  88  88  0  65535  574  
0  4294967295  1363108120  1363108123  0  65535  139  139  202  
0  4294967295  173267724  173267724  0  65535  1999  1999  545  
2255759396  2255759396  2147483648  4294967295  7648  7648  0  65535  607  
3462664335  3462664335  2147483648  3221225471  123  123  1024  65535  773  
0  4294967295  2255760547  2255760547  0  65535  80  80  690  
2077550080  2077550591  0  4294967295  0  65535  0  65535  108  
0  4294967295  3364680226  3364680227  0  65535  13  13  365  
238547016  238547016  0  2147483647  69  69  0  65535  612  
2147483648  4294967295  186844204  186844205  0  65535  53  53  446  
0  4294967295  3364680226  3364680227  0  65535  138  138  364  
0  4294967295  173267726  173267727  0  65535  2105  2105  321  
0  4294967295  2255759414  2255759415  1024  65535  1024  65535  241  
0  2147483647  3364680326  3364680327  0  65535  80  80  473  
2255760384  2255761407  0  4294967295  0  65535  0  65535  97  
0  4294967295  173267750  173267751  0  65535  53  53  319  
1386235252  1386235255  0  4294967295  123  123  0  65535  175  
1073741824  2147483647  186855155  186855155  1024  65535  1024  65535  540  
2255759872  2255760383  0  4294967295  0  65535  0  65535  105  
2255759396  2255759396  3364680325  3364680325  88  88  1024  65535  845  
3462664332  3462664333  2147483648  4294967295  750  750  1024  65535  494  
0  4294967295  173267898  173267899  0  65535  22  22  315  
0  4294967295  1363107881  1363107881  1024  65535  1024  65535  518  
0  4294967295  2255759412  2255759412  0  65535  110  110  685  
0  4294967295  1363108124  1363108125  0  65535  53  53  336  
3368113064  3368113065  3406616576  3406618623  1024  65535  1024  65535  489  
0  4294967295  2255760527  2255760527  0  65535  69  69  694  
0  4294967295  2255752220  2255752221  0  65535  123  123  280  
0  4294967295  1363108222  1363108222  0  65535  7648  7648  663  
3368113084  3368113085  0  4294967295  0  65535  0  65535  230  
3368113086  3368113086  3221225472  4294967295  123  123  0  65535  720  
2255759720  2255759727  2147483648  4294967295  0  65535  0  65535  153  
0  4294967295  1363107884  1363107887  0  65535  53  53  195  
186843136  186847231  0  2147483647  0  65535  0  65535  95  
2147483648  4294967295  173267896  173267896  0  65535  123  123  751  
186854565  186854565  186854044  186854045  88  88  1024  65535  838  
3368113066  3368113066  0  4294967295  123  123  0  65535  565  
186854647  186854647  0  4294967295  161  161  0  65535  584  
3362992459  3362992459  2255759733  2255759733  123  123  1024  65535  842  
0  2147483647  3364680335  3364680335  0  65535  871  871  769  
2147483648  4294967295  186855155  186855155  0  65535  750  750  618  
1386235250  1386235251  0  4294967295  123  123  0  65535  298  
2147483648  4294967295  173267898  173267899  0  65535  871  871  450  
0  4294967295  2255752216  2255752219  0  65535  53  53  185  
2255759716  2255759716  2403141890  2403141891  24032  24032  1024  65535  836  
0  2147483647  3364680325  3364680325  0  65535  25  25  628  
2147483648  3221225471  3364680325  3364680325  0  65535  750  750  778  
0  2147483647  3364680335  3364680335  0  65535  22  22  765  
0  2147483647  3364680332  3364680333  0  65535  113  113  479  
0  4294967295  1363107881  1363107881  1024  65535  1024  65535  531  
0  4294967295  2255752231  2255752231  0  65535  53  53  561  
0  4294967295  0  4294967295  0  65535  25  25  22  
448817690  448817690  448818626  448818626  1024  65535  1024  65535  824  
0  4294967295  2147483648  4294967295  0  65535  0  65535  28  
1073741824  2147483647  186855155  186855155  0  65535  5999  5999  716  
3364681652  3364681653  3364680352  3364680383  0  65535  0  65535  282  
3462660096  3462664191  0  4294967295  0  65535  0  65535  88  
0  4294967295  173267896  173267896  0  65535  53  53  635  
2147483648  4294967295  186844207  186844207  0  65535  143  143  737  
0  4294967295  2255760547  2255760547  1024  65535  1024  65535  520  
0  4294967295  1363107881  1363107881  0  65535  25  25  648  
0  2147483647  3364680326  3364680327  0  65535  179  179  469  
