3624067230  3624067230  7512320  7512575  53  53  0  65535  792  
1390053888  1390054143  378980582  378980582  0  65535  0  65535  628  
378980608  378980863  3804718208  3804718335  0  65535  0  65535  460  
378988544  378988799  0  4294967295  0  65535  80  80  196  
1390054272  1390054399  3265813698  3265813699  0  65535  53  53  583  
1458262912  1458263039  3265813712  3265813727  0  65535  0  65535  379  
3624067224  3624067227  0  4294967295  0  65535  0  65535  366  
2898883584  2898883839  3344740608  3344740735  0  65535  0  65535  298  
378980864  378981375  1296175168  1296175231  0  65535  0  65535  265  
2898883584  2898883839  2898857600  2898857727  80  80  0  65535  519  
2828833792  2828834815  374091264  374091519  0  65535  0  65535  324  
2828837760  2828837887  344770560  344770815  0  65535  0  65535  304  
2828833280  2828833791  2831980160  2831980287  0  65535  514  514  510  
2828837760  2828837887  344770980  344770981  0  65535  1024  65535  477  
1458249728  1458250239  3635129728  3635129791  0  65535  0  65535  264  
0  4294967295  2358088704  2358088831  0  65535  0  65535  236  
1390053376  1390053887  0  4294967295  0  65535  113  113  127  
2828833024  2828833279  3344744378  3344744378  0  65535  1024  65535  675  
2828837654  2828837654  3344744192  3344744319  161  161  0  65535  826  
2828837888  2828838911  2828837632  2828837759  0  65535  0  65535  146  
378989056  378989567  1296175108  1296175108  161  161  0  65535  738  
378989046  378989046  3801157330  3801157330  0  65535  69  69  965  
378988544  378988799  3801157120  3801157375  0  65535  0  65535  218  
1390054272  1390054399  378980608  378980863  0  65535  0  65535  300  
1390053888  1390054143  1296200138  1296200139  1433  1433  0  65535  558  
3344760832  3344826367  2893562304  2893562367  0  65535  0  65535  83  
2898884063  2898884063  3344740756  3344740757  0  65535  9003  9003  884  
3624061425  3624061425  7512320  7512575  80  80  0  65535  794  
1390084096  1390149631  3341353600  3341353727  0  65535  0  65535  64  
2831956224  2831956479  344758272  344758527  0  65535  0  65535  413  
1458269440  1458269567  3399275128  3399275129  0  65535  1645  1646  556  
2828832896  2828833023  374139648  374139903  0  65535  0  65535  328  
0  4294967295  2174963712  2174965759  0  65535  0  65535  58  
2828926976  2829058047  2831980272  2831980287  0  65535  514  514  478  
3344729472  3344729599  2131694447  2131694447  0  65535  514  514  821  
3624061312  3624061375  2896977716  2896977717  0  65535  514  514  612  
1390053376  1390053887  1390018560  1390149631  0  65535  0  65535  129  
3624067224  3624067227  7512233  7512233  0  65535  1646  1646  868  
0  4294967295  2632446464  2632446719  0  65535  69  69  207  
378978304  378980351  7512064  7512191  0  65535  0  65535  392  
2828832896  2828833023  374091752  374091753  0  65535  1433  1433  588  
3344733312  3344733439  2017875968  2017876223  0  65535  0  65535  311  
1390054400  1390055423  2147483648  4294967295  0  65535  0  65535  97  
3344729472  3344729599  2137212968  2137212975  0  65535  69  69  552  
2147483648  4294967295  434896896  435027967  0  65535  0  65535  9  
1390053376  1390053887  3341352960  3341385727  0  65535  0  65535  248  
378994688  379060223  1296236544  1296302079  0  65535  0  65535  20  
2828833280  2828833791  3344744378  3344744378  0  65535  514  514  756  
1458269602  1458269602  0  4294967295  22  22  0  65535  634  
2828832780  2828832781  374091752  374091753  0  65535  5631  5631  620  
1458250752  1458251775  0  4294967295  0  65535  514  514  101  
2831956480  2831956991  3344744192  3344744319  0  65535  0  65535  170  
0  4294967295  2632446464  2632446975  0  65535  0  65535  111  
0  4294967295  2210649766  2210649767  0  65535  5540  5540  420  
1390054144  1390054175  3341353504  3341353535  53  53  0  65535  533  
1390053376  1390053887  3341352960  3341418495  0  65535  0  65535  246  
3624061408  3624061423  3344743936  3344744191  0  65535  0  65535  377  
383708959  383708959  3880632501  3880632501  0  65535  1433  1433  942  
2898882560  2898883583  3344740766  3344740766  0  65535  20  23  722  
1709939712  1709940735  3725414656  3725414911  0  65535  0  65535  93  
1458250443  1458250443  378798828  378798828  53  53  0  65535  920  
378980864  378981375  1296175108  1296175108  0  65535  1433  1433  753  
1390054400  1390055423  2131623936  2131755007  0  65535  0  65535  99  
2831956224  2831956479  344759104  344759167  0  65535  0  65535  471  
383682491  383682491  0  4294967295  1024  65535  0  65535  624  
2131694528  2131694559  378798809  378798809  0  65535  514  514  854  
378989046  378989046  7512228  7512229  0  65535  80  80  914  
0  4294967295  2893562268  2893562271  53  53  0  65535  386  
1390053888  1390054143  3341451264  3341484031  0  65535  0  65535  357  
3344729600  3344730111  2893545472  2893611007  0  65535  0  65535  398  
2898886656  2898919423  323637064  323637065  0  65535  514  514  514  
2828836864  2828837375  3344744384  3344744447  0  65535  0  65535  268  
3624067231  3624067231  2898855424  2898855487  53  53  0  65535  857  
378989046  378989046  3801157330  3801157330  5520  5520  69  69  972  
2898853888  2898870271  3050799488  3050799615  0  65535  0  65535  84  
0  2147483647  3341471040  3341471103  0  65535  69  69  354  
1390051328  1390053375  3341352960  3341418495  0  65535  0  65535  245  
1458262016  1458262527  1296203476  1296203477  53  53  0  65535  538  
383708672  383708927  3880583168  3880648703  0  65535  0  65535  364  
2828832832  2828832895  374139534  374139534  0  65535  53  53  847  
378988544  378988799  3801156608  3801157631  0  65535  0  65535  197  
3344729457  3344729457  3624041216  3624041343  80  80  0  65535  831  
3624067228  3624067229  2898855508  2898855508  0  65535  139  139  908  
378989040  378989043  3804718110  3804718111  0  65535  514  514  618  
2131694080  2131694335  378798592  378799103  0  65535  0  65535  157  
2828837760  2828837887  2898857600  2898857727  0  65535  161  161  523  
2898884062  2898884062  3344740824  3344740825  0  65535  69  69  885  
2831956480  2831956991  3344744378  3344744378  0  65535  0  65535  627  
383682048  383682303  3801157248  3801157311  0  65535  0  65535  337  
3624067328  3624067583  434933760  434935807  0  65535  0  65535  86  
1458250752  1458251775  0  4294967295  0  65535  53  53  102  
0  4294967295  2505436366  2505436367  0  65535  80  80  423  
0  2147483647  3341352960  3341353471  0  65535  514  514  226  
1458262016  1458262527  378798828  378798828  0  65535  20  21  743  
1390053376  1390053887  1296201728  1296202751  0  65535  0  65535  130  
2828833024  2828833279  3050791168  3050791231  0  65535  0  65535  339  
0  4294967295  3880726339  3880726339  5550  5550  0  65535  630  
3344729088  3344729343  2137194496  2137260031  0  65535  0  65535  215  
378980608  378980863  1296175360  1296175615  0  65535  0  65535  217  
1458262016  1458262527  378798592  378799103  0  65535  162  162  485  
3344729600  3344730111  2017875968  2017876479  0  65535  0  65535  186  
378980352  378980479  3804718098  3804718098  0  65535  9003  9003  835  
3624061425  3624061425  2898855489  2898855489  0  65535  1645  1645  954  
378994688  379060223  3801155072  3801155583  0  65535  0  65535  29  
3624061184  3624061311  7514112  7516159  0  65535  0  65535  95  
378994688  379060223  3552425344  3552425407  0  65535  0  65535  82  
3624067230  3624067230  7512320  7512575  25  25  0  65535  791  
3344732160  3344733183  0  4294967295  0  65535  0  65535  76  
2898883584  2898883839  320825812  320825813  0  65535  25  25  571  
3344733264  3344733279  1713710080  1713710335  161  161  0  65535  532  
3344734208  3344736255  1627485312  1627485439  0  65535  0  65535  122  
378989046  378989046  3801155386  3801155386  0  65535  1024  65535  712  
378981376  378982399  378980608  378980863  0  65535  0  65535  104  
0  2147483647  3265813760  3265814015  0  65535  80  80  250  
1458269184  1458269439  378798592  378799103  25  25  0  65535  492  
1390053888  1390054143  3341470720  3341470975  0  65535  0  65535  358  
2131722240  2131755007  0  4294967295  0  65535  0  65535  44  
3624067328  3624067583  3604457472  3604458495  0  65535  0  65535  94  
0  4294967295  2626939878  2626939879  5530  5530  0  65535  446  
2898884096  2898884607  3041591296  3041656831  0  65535  0  65535  139  
3221225472  4294967295  2898853888  2898919423  0  65535  69  69  75  
1389887488  1390018559  0  4294967295  0  65535  0  65535  7  
1390084096  1390149631  0  4294967295  0  65535  514  514  57  
2828833024  2828833279  378897408  378897919  0  65535  0  65535  177  
1390054189  1390054189  1458247598  1458247598  0  65535  1024  65535  707  
1390053376  1390053887  3265814016  3265814527  0  65535  514  514  489  
3344729354  3344729355  3624041429  3624041429  0  65535  139  139  911  
2147483648  4294967295  434937216  434937279  0  65535  5530  5530  365  
2831956160  2831956223  320825792  320825807  0  65535  143  143  546  
1390018560  1390051327  3265813504  3265813631  0  65535  0  65535  319  
378981376  378982399  3804718336  3804718591  0  65535  0  65535  256  
2898886656  2898919423  434935808  434936831  0  65535  0  65535  32  
2131694080  2131694335  3635120416  3635120417  0  65535  162  162  564  
1458269184  1458269439  0  4294967295  0  65535  162  162  228  
1458269602  1458269602  3399274821  3399274821  0  65535  69  69  931  
2828837652  2828837653  3344744320  3344744351  1098  1098  0  65535  610  
2147483648  4294967295  7513088  7514111  0  65535  0  65535  112  
378980608  378980863  3804718336  3804718591  0  65535  0  65535  259  
2147483648  4294967295  434937336  434937343  1433  1433  0  65535  390  
3344729457  3344729457  3624041429  3624041429  0  65535  69  69  957  
2828832780  2828832781  3344744378  3344744378  0  65535  69  69  902  
1458250440  1458250441  1378561429  1378561429  0  65535  1024  65535  697  
2828832896  2828833023  3344744378  3344744378  0  65535  80  80  811  
2828861440  2828926975  374091520  374091647  0  65535  0  65535  65  
2831955968  2831956095  320733184  320864255  0  65535  0  65535  42  
1458262862  1458262862  3265813707  3265813707  161  161  1645  1645  970  
1390054189  1390054189  3265789952  3265822719  109  110  0  65535  686  
1390084096  1390149631  3265813632  3265813695  0  65535  0  65535  452  
2828837376  2828837631  0  4294967295  0  65535  162  162  198  
378989046  378989046  1073741824  2147483647  5550  5550  0  65535  667  
383708672  383708927  3880517632  3880648703  0  65535  0  65535  362  
0  4294967295  2231677368  2231677369  0  65535  137  137  421  
1390054400  1390055423  3341353600  3341353727  0  65535  0  65535  142  
1390054190  1390054191  378980352  378980479  20  23  0  65535  554  
0  4294967295  2174988682  2174988683  161  161  0  65535  403  
2828832896  2828833023  3050791424  3050791935  0  65535  0  65535  213  
3624061952  3624062975  0  2147483647  0  65535  0  65535  108  
0  4294967295  3880722040  3880722041  0  65535  514  514  419  
378981376  378982399  0  4294967295  0  65535  514  514  103  
0  4294967295  2831980254  2831980254  0  65535  514  514  636  
3344729457  3344729457  3265813504  3265814527  1645  1646  0  65535  724  
1458249728  1458250239  3624057600  3624057855  5540  5540  0  65535  507  
2831956154  2831956154  3344744384  3344744447  109  110  0  65535  840  
1390054272  1390054399  1296200192  1296200703  0  65535  0  65535  232  
1390053888  1390054143  1378578432  1378578943  0  65535  0  65535  193  
1390054400  1390055423  1384527104  1384527359  0  65535  0  65535  100  
1458262880  1458262911  3435294372  3435294372  0  65535  110  110  853  
3344733258  3344733259  1876099072  1876164607  0  65535  80  80  505  
1390053888  1390054143  378929152  379060223  0  65535  0  65535  190  
3624042496  3624058879  7471104  7536639  0  65535  0  65535  442  
1458250240  1458250367  0  4294967295  0  65535  0  65535  237  
383682560  383682815  378980352  378980479  0  65535  0  65535  468  
1390053376  1390053887  1515099264  1515099391  0  65535  0  65535  165  
2831956480  2831956991  320825824  320825855  0  65535  0  65535  312  
3624060928  3624061183  7512233  7512233  0  65535  80  80  782  
2828837760  2828837887  3344744378  3344744378  0  65535  1024  65535  677  
383682496  383682559  1138799232  1138799359  0  65535  0  65535  350  
3624009728  3624042495  7512256  7512319  0  65535  0  65535  376  
1458262866  1458262866  3435266048  3435331583  0  65535  2549  2549  687  
3624067584  3624068095  7512320  7512575  0  65535  9003  9003  503  
3624061312  3624061375  2896977877  2896977877  0  65535  69  69  842  
1458262912  1458263039  378798832  378798847  0  65535  69  69  527  
3344729088  3344729343  2131694080  2131694335  0  65535  0  65535  224  
1458176000  1458241535  1511817216  1511849983  0  65535  0  65535  21  
378980603  378980603  3804718208  3804718335  80  80  0  65535  838  
2898884062  2898884062  3041600128  3041600255  5520  5520  0  65535  830  
0  4294967295  2174877696  2175008767  0  65535  0  65535  14  
378980864  378981375  3804718336  3804718591  0  65535  0  65535  257  
378989044  378989045  1296175108  1296175108  53  53  0  65535  871  
3624068096  3624069119  7471104  7536639  0  65535  0  65535  443  
378980864  378981375  3804718096  3804718097  0  65535  1024  65535  474  
2831956152  2831956153  3344744376  3344744377  0  65535  69  69  622  
1390054189  1390054189  378980608  378980863  20  20  0  65535  797  
2898883584  2898883839  3038859776  3038860287  161  161  0  65535  495  
2828837760  2828837887  344770982  344770982  0  65535  69  69  813  
1389887488  1390018559  3341353485  3341353485  0  65535  20  23  680  
2131722240  2131755007  3635116032  3635116047  0  65535  69  69  482  
2828832832  2828832895  374139536  374139551  0  65535  514  514  545  
2828837696  2828837759  0  4294967295  0  65535  0  65535  320  
2828833792  2828834815  3344743424  3344743935  0  65535  0  65535  87  
378980352  378980479  3804718208  3804718335  0  65535  0  65535  461  
0  4294967295  2358082206  2358082206  0  65535  80  80  640  
383647744  383680511  3801157330  3801157330  0  65535  1024  65535  663  
3344729472  3344729599  2131694432  2131694432  0  65535  161  161  820  
2828837888  2828838911  0  2147483647  0  65535  0  65535  13  
1390018560  1390051327  3341353485  3341353485  137  137  0  65535  718  
2828832780  2828832781  3344743936  3344744191  22  22  0  65535  578  
2828833024  2828833279  374139532  374139533  0  65535  5631  5631  568  
1458263040  1458264063  378980544  378980575  0  65535  0  65535  227  
3344728064  3344729087  2893578240  2893611007  0  65535  0  65535  36  
0  4294967295  2174988672  2174988799  0  65535  53  53  287  
2898884060  2898884061  3344740824  3344740825  0  65535  69  69  623  
0  4294967295  2231677184  2231677311  0  65535  25  25  288  
1458262862  1458262862  1515099260  1515099261  5500  5500  0  65535  912  
2828832896  2828833023  374079488  374210559  0  65535  0  65535  327  
378989046  378989046  1296175110  1296175111  0  65535  25  25  879  
1458262528  1458262783  378929152  378994687  0  65535  0  65535  47  
2898884096  2898884607  0  2147483647  0  65535  0  65535  136  
1390053376  1390053887  3265813697  3265813697  0  65535  53  53  747  
378980864  378981375  320825344  320825599  0  65535  0  65535  148  
3624061184  3624061311  2898855552  2898855679  0  65535  0  65535  344  
3344730112  3344732159  2896977664  2896977919  0  65535  0  65535  92  
2828833024  2828833279  2730196693  2730196693  0  65535  20  21  731  
0  4294967295  2174988682  2174988683  0  65535  1024  65535  368  
378980352  378980479  7512240  7512255  0  65535  0  65535  380  
3344729600  3344730111  3624009728  3624042495  0  65535  0  65535  56  
2828837760  2828837887  344770982  344770982  0  65535  1024  65535  676  
0  4294967295  2893562293  2893562293  443  443  0  65535  643  
2828837376  2828837631  3344744192  3344744319  0  65535  0  65535  296  
1390053376  1390053887  378980582  378980582  0  65535  53  53  746  
2898884063  2898884063  2174969911  2174969911  25  25  0  65535  921  
1458176000  1458241535  3624067200  3624067327  0  65535  0  65535  396  
2898884063  2898884063  0  2147483647  1024  65535  0  65535  625  
1390053888  1390054143  1296200192  1296200703  0  65535  0  65535  192  
3624067584  3624068095  3344695296  3344760831  0  65535  0  65535  39  
0  4294967295  2210646478  2210646479  5540  5540  0  65535  404  
2828833280  2828833791  3344743936  3344744191  0  65535  2549  2549  501  
378988928  378988991  3801155225  3801155225  0  65535  20  23  800  
1458262912  1458263039  1378561312  1378561313  0  65535  20  21  555  
3624067200  3624067215  7512320  7512575  0  65535  0  65535  473  
2147483648  3221225471  3344740766  3344740766  0  65535  69  69  665  
2898883840  2898883967  3344740756  3344740757  0  65535  69  69  604  
2828836864  2828837375  2828816384  2828816639  0  65535  0  65535  406  
378989056  378989567  3804718108  3804718108  0  65535  514  514  754  
2828837654  2828837654  344770982  344770982  0  65535  23  23  944  
3344695296  3344728063  3624040960  3624041215  0  65535  0  65535  74  
3624067072  3624067199  3804718096  3804718097  0  65535  162  162  590  
3624067216  3624067223  7512064  7512191  5520  5520  0  65535  549  
2898884096  2898884607  0  4294967295  0  65535  69  69  135  
1458262912  1458263039  1378559622  1378559622  0  65535  9003  9003  834  
2131694362  2131694362  2131694336  2131694591  53  53  0  65535  787  
2828837888  2828838911  344770992  344771007  0  65535  0  65535  342  
2828833280  2828833791  3344744378  3344744378  0  65535  1433  1433  755  
378980864  378981375  3804692480  3804758015  0  65535  0  65535  253  
3624067228  3624067229  434936832  434937087  5530  5530  0  65535  574  
1390054272  1390054399  3341471232  3341471743  0  65535  0  65535  233  
0  4294967295  2893562880  2893563903  0  65535  0  65535  60  
1458269440  1458269567  3399275008  3399275519  0  65535  0  65535  210  
1458250444  1458250447  1296203400  1296203401  0  65535  69  69  617  
2828833792  2828834815  0  2147483647  0  65535  0  65535  12  
2828832783  2828832783  374091712  374091743  53  53  0  65535  860  
0  4294967295  0  4294967295  0  65535  25  25  2  
383708672  383708927  3880632502  3880632503  0  65535  53  53  567  
2828832782  2828832782  374091752  374091753  0  65535  514  514  915  
1390053888  1390054143  378980582  378980582  0  65535  9003  9003  772  
2828832784  2828832799  374079488  374145023  0  65535  0  65535  329  
2131623936  2131689471  3635116032  3635116287  0  65535  0  65535  408  
1458262912  1458263039  3265813704  3265813705  0  65535  69  69  584  
378980480  378980543  3804718336  3804718591  0  65535  0  65535  345  
1390084096  1390149631  3265813760  3265814015  0  65535  0  65535  453  
2898883584  2898883839  0  2147483647  0  65535  53  53  270  
2898883840  2898883967  3344740352  3344740607  0  65535  0  65535  310  
1390053888  1390054143  3344741376  3344742399  123  123  0  65535  483  
1390054189  1390054189  1296200184  1296200185  0  65535  53  53  874  
2898882560  2898883583  3344740608  3344740735  0  65535  0  65535  147  
2898884096  2898884607  434937331  434937331  0  65535  20  21  728  
3624067200  3624067215  7512240  7512255  0  65535  69  69  603  
0  4294967295  3880778046  3880778047  0  65535  80  80  424  
378989568  378990591  3801155219  3801155219  0  65535  20  23  723  
1390054176  1390054183  1296236544  1296302079  5530  5530  0  65535  481  
1458250368  1458250431  1458250352  1458250367  0  65535  0  65535  387  
2828833280  2828833791  374079488  374145023  0  65535  0  65535  325  
1458249728  1458250239  3624041429  3624041429  0  65535  514  514  750  
2828837654  2828837654  2831980256  2831980257  53  53  0  65535  888  
2828832896  2828833023  374091752  374091753  0  65535  119  119  589  
2831956154  2831956154  320825814  320825814  0  65535  5510  5510  947  
2898883840  2898883967  3344740756  3344740757  0  65535  0  65535  431  
1458269600  1458269601  378798830  378798831  0  65535  80  80  619  
2898884060  2898884061  2896977718  2896977718  0  65535  1024  65535  701  
383682493  383682493  434937280  434937311  161  161  0  65535  849  
2828837376  2828837631  3344744376  3344744377  0  65535  5530  5530  569  
0  4294967295  2893561856  2893562111  0  65535  80  80  203  
1389887488  1390018559  378929152  379060223  0  65535  69  69  383  
2831956096  2831956127  3050766336  3050799103  53  53  0  65535  480  
1390054400  1390055423  378980582  378980582  161  161  0  65535  729  
2898883840  2898883967  3050799616  3050800127  0  65535  0  65535  214  
3624061426  3624061427  2896977877  2896977877  0  65535  1024  65535  704  
2898883840  2898883967  2831980160  2831980223  0  65535  0  65535  352  
1390054190  1390054191  3265813728  3265813759  161  161  0  65535  607  
3624067328  3624067583  3344744384  3344744447  0  65535  0  65535  341  
2828832783  2828832783  2898857524  2898857524  0  65535  1024  65535  714  
2828861440  2828926975  3344744192  3344744319  0  65535  0  65535  262  
1390053376  1390053887  378980864  378981375  0  65535  0  65535  382  
378980352  378980479  3804718096  3804718097  0  65535  109  110  557  
378989056  378989567  3804692480  3804758015  0  65535  0  65535  255  
3344729600  3344730111  2131694440  2131694440  0  65535  162  162  764  
2898788352  2898853887  3344743936  3344744191  0  65535  0  65535  52  
3344729408  3344729439  2893578240  2893611007  0  65535  0  65535  85  
2898883584  2898883839  2719968000  2719968255  0  65535  0  65535  400  
3624067328  3624067583  2898857728  2898857983  0  65535  0  65535  221  
378980480  378980543  1296175616  1296176127  0  65535  0  65535  283  
3624009728  3624042495  434937331  434937331  0  65535  20  21  695  
1458269184  1458269439  3399274496  3399275007  0  65535  0  65535  242  
1390053888  1390054143  1296200192  1296200703  0  65535  0  65535  429  
2147483648  4294967295  434937088  434937215  0  65535  0  65535  271  
2898884096  2898884607  3344740352  3344740607  0  65535  0  65535  155  
1390054189  1390054189  1296203513  1296203513  0  65535  514  514  963  
2898884096  2898884607  0  4294967295  0  65535  0  65535  61  
1390084096  1390149631  3341467648  3341484031  0  65535  0  65535  355  
1390054192  1390054207  378929152  378994687  1433  1433  0  65535  479  
2828832832  2828832895  374139392  374139519  0  65535  1645  1645  525  
2898884063  2898884063  434936832  434937087  0  65535  69  69  801  
3624061952  3624062975  0  4294967295  0  65535  514  514  107  
0  4294967295  2364756864  2364756991  0  65535  69  69  316  
2131693568  2131694079  1794965504  1795031039  0  65535  0  65535  37  
2898884032  2898884047  2147483648  4294967295  0  65535  0  65535  335  
1458262880  1458262911  0  4294967295  0  65535  0  65535  332  
2828837376  2828837631  3344743936  3344744191  0  65535  0  65535  219  
2831956154  2831956154  3344744378  3344744378  0  65535  22  22  945  
3624067231  3624067231  0  4294967295  25  25  0  65535  635  
2898884062  2898884062  3344740759  3344740759  0  65535  0  65535  671  
2828832783  2828832783  2731326200  2731326201  0  65535  1024  65535  692  
2898884062  2898884062  3344740608  3344740735  5632  5632  0  65535  829  
2131694576  2131694576  3725414400  3725414911  109  110  0  65535  727  
1390053376  1390053887  2147483648  4294967295  0  65535  0  65535  180  
1390054184  1390054187  1453798400  1453798655  1723  1723  0  65535  535  
1390054189  1390054189  378980580  378980581  0  65535  514  514  913  
2147483648  4294967295  7512234  7512235  0  65535  1433  1433  441  
0  2147483647  3265813504  3265813631  0  65535  4899  4899  318  
0  4294967295  2147483648  4294967295  0  65535  69  69  6  
0  2147483647  3435294372  3435294372  22  22  0  65535  651  
0  4294967295  2831980160  2831980287  0  65535  6970  6970  284  
1458262856  1458262859  3435294372  3435294372  0  65535  9003  9003  864  
1390053888  1390054143  1458250240  1458250367  0  65535  0  65535  289  
1458250440  1458250441  378798828  378798828  123  123  25  25  969  
1390053376  1390053887  3341353728  3341353983  0  65535  53  53  497  
2898884064  2898884095  320825811  320825811  0  65535  514  514  855  
3344729472  3344729599  0  2147483647  0  65535  0  65535  272  
378980608  378980863  1296175108  1296175108  0  65535  514  514  776  
1390054184  1390054187  3265813632  3265813695  20  23  0  65535  537  
1458269440  1458269567  378798592  378799103  0  65535  0  65535  211  
2828832783  2828832783  374091752  374091753  0  65535  514  514  881  
383682828  383682831  3801157318  3801157318  0  65535  69  69  865  
3624075264  3624140799  0  4294967295  0  65535  0  65535  17  
2828833024  2828833279  3344743424  3344743935  0  65535  0  65535  178  
0  4294967295  3880722032  3880722033  0  65535  1024  65535  385  
1458262862  1458262862  378980582  378980582  0  65535  9003  9003  928  
1390054208  1390054271  1384527148  1384527149  0  65535  9003  9003  595  
2898884063  2898884063  323637066  323637066  0  65535  69  69  950  
1458274304  1458307071  1296203520  1296203775  0  65535  0  65535  68  
1458269184  1458269439  378798592  378799103  5510  5510  0  65535  493  
1390054272  1390054399  378980580  378980581  0  65535  20  23  536  
2898884096  2898884607  2896977728  2896977791  0  65535  69  69  524  
2898883584  2898883839  0  4294967295  0  65535  0  65535  184  
2898882560  2898883583  2724476416  2724476927  0  65535  0  65535  89  
378980480  378980543  3804718110  3804718111  0  65535  69  69  600  
1390054272  1390054399  3341353600  3341353727  0  65535  0  65535  343  
1458269696  1458270207  1296203520  1296203775  0  65535  53  53  499  
1458262528  1458262783  1296203264  1296203391  0  65535  0  65535  291  
1653083136  1653083647  3597698048  3597698175  0  65535  0  65535  167  
3344733258  3344733259  2147483648  4294967295  80  80  0  65535  465  
1458262862  1458262862  378980580  378980581  0  65535  514  514  875  
383682491  383682491  3880632454  3880632455  0  65535  1024  65535  691  
2898884056  2898884059  3038891157  3038891157  0  65535  1214  1214  867  
2828837654  2828837654  3344743424  3344743935  1433  1433  0  65535  734  
383708958  383708958  3880632512  3880632575  5550  5550  0  65535  843  
1458268160  1458269183  1511847253  1511847253  0  65535  80  80  726  
2828833024  2828833279  374091648  374091711  0  65535  0  65535  338  
2147483648  4294967295  378891548  378891549  0  65535  9003  9003  440  
1458269632  1458269695  0  4294967295  0  65535  0  65535  317  
378980608  378980863  320825814  320825814  0  65535  21  21  775  
1458269184  1458269439  1453849600  1453849727  0  65535  0  65535  292  
2828833792  2828834815  3344744378  3344744378  0  65535  1024  65535  669  
383707136  383708159  3880583168  3880615935  0  65535  0  65535  33  
2828832780  2828832781  374139552  374139583  25  25  0  65535  609  
2828833024  2828833279  374090752  374091263  53  53  0  65535  494  
1390053376  1390053887  3341470976  3341471007  0  65535  9003  9003  522  
2828832780  2828832781  2854014746  2854014746  0  65535  161  161  901  
378929152  378961919  3801155328  3801155583  0  65535  0  65535  243  
2898884062  2898884062  3344740828  3344740831  80  80  0  65535  863  
3344733696  3344734207  2893562264  2893562264  161  161  0  65535  796  
383682826  383682826  1139009046  1139009047  0  65535  69  69  880  
2898884096  2898884607  323637064  323637065  0  65535  1024  65535  475  
3344729472  3344729599  2137213440  2137213951  0  65535  0  65535  274  
1390054189  1390054189  2131693568  2131694079  53  53  0  65535  768  
1390054272  1390054399  3265814016  3265814527  0  65535  0  65535  234  
1390053888  1390054143  3344740826  3344740826  161  161  0  65535  765  
1458262866  1458262866  3435294383  3435294383  0  65535  8875  8875  929  
0  4294967295  2364756868  2364756869  0  65535  1024  65535  369  
1390053888  1390054143  3341353485  3341353485  0  65535  25  25  802  
2828836864  2828837375  2731279616  2731279871  0  65535  1433  1433  502  
2831956224  2831956479  0  4294967295  0  65535  0  65535  179  
1073741824  2147483647  378980582  378980582  0  65535  1214  1214  664  
2898883584  2898883839  3344740864  3344741375  0  65535  0  65535  200  
3624060928  3624061183  7512064  7512191  0  65535  0  65535  299  
1458262784  1458262847  3265813704  3265813705  0  65535  80  80  596  
0  4294967295  3880722032  3880722035  0  65535  53  53  384  
2898884096  2898884607  3344740608  3344740735  0  65535  0  65535  171  
1710342656  1710342911  2131623936  2131755007  0  65535  0  65535  28  
378980864  378981375  3804718098  3804718098  25  25  0  65535  736  
3344733440  3344733695  2893562368  2893562879  0  65535  0  65535  159  
1458262016  1458262527  3265813504  3265814527  0  65535  0  65535  438  
3624067584  3624068095  3604414464  3604479999  0  65535  0  65535  38  
1458176000  1458241535  1296203520  1296203775  0  65535  0  65535  49  
2147483648  4294967295  7512234  7512235  161  161  0  65535  434  
2147483648  4294967295  2017875968  2017876479  0  65535  0  65535  185  
2828837654  2828837654  3050791296  3050791423  25  25  0  65535  825  
2828832780  2828832781  374091754  374091754  0  65535  119  119  903  
3624061952  3624062975  7512576  7513087  0  65535  0  65535  115  
3344729353  3344729353  2893562254  2893562254  0  65535  53  53  958  
2898883840  2898883967  323637056  323637063  0  65535  53  53  551  
1390053376  1390053887  0  4294967295  0  65535  514  514  128  
2898882560  2898883583  3038891136  3038891263  0  65535  69  69  491  
378980608  378980863  3804718096  3804718097  5520  5520  0  65535  560  
378994688  379060223  3804718208  3804718335  0  65535  0  65535  457  
3344729472  3344729599  2137215076  2137215077  0  65535  69  69  605  
2898883840  2898883967  2893562252  2893562252  0  65535  69  69  815  
3624009728  3624042495  2896977664  2896977919  0  65535  0  65535  73  
2828837648  2828837651  344770982  344770982  0  65535  1433  1433  866  
383707136  383708159  0  2147483647  0  65535  0  65535  5  
1390149632  1390411775  378980480  378980543  0  65535  0  65535  40  
2898884063  2898884063  3344740766  3344740766  0  65535  139  139  951  
1458262864  1458262865  1296203402  1296203402  0  65535  69  69  894  
1390084096  1390149631  3265813760  3265814015  0  65535  0  65535  451  
1458262528  1458262783  3435294208  3435294335  0  65535  0  65535  290  
0  4294967295  2632446624  2632446625  0  65535  137  137  422  
1390054400  1390055423  3341353728  3341353983  0  65535  0  65535  247  
1390053376  1390053887  3341353728  3341353983  0  65535  0  65535  249  
3344733440  3344733695  2017875968  2017876223  0  65535  0  65535  225  
0  2147483647  3624040448  3624040959  0  65535  9003  9003  182  
2898884096  2898884607  3038838784  3038904319  0  65535  0  65535  163  
3624067264  3624067327  7471104  7536639  0  65535  0  65535  445  
2828832832  2828832895  374139532  374139533  0  65535  5000  5001  579  
378980480  378980543  3804718096  3804718097  0  65535  1646  1646  599  
2828832782  2828832782  3344744192  3344744319  161  161  0  65535  824  
1390053888  1390054143  378980580  378980581  0  65535  69  69  562  
378980604  378980607  0  2147483647  0  65535  0  65535  19  
378980864  378981375  1296175360  1296175615  0  65535  0  65535  405  
3624058880  3624060927  3344744192  3344744319  0  65535  0  65535  121  
2828832780  2828832781  3344744378  3344744378  0  65535  8875  8875  899  
0  4294967295  0  4294967295  0  65535  0  65535  0  
378980864  378981375  3804718098  3804718098  0  65535  69  69  752  
378980352  378980479  1296175108  1296175108  1098  1098  0  65535  798  
3624068096  3624069119  7512240  7512255  0  65535  0  65535  444  
1458262784  1458262847  378798830  378798831  0  65535  25  25  597  
3624061440  3624061951  2896977408  2896977919  0  65535  0  65535  117  
2831956480  2831956991  3050791424  3050791935  0  65535  0  65535  116  
3624067328  3624067583  7512320  7512575  0  65535  0  65535  222  
378980600  378980601  3804718098  3804718098  0  65535  69  69  896  
3624067228  3624067229  2898855508  2898855508  0  65535  80  80  910  
3344729457  3344729457  2893562304  2893562367  80  80  0  65535  845  
1458262866  1458262866  1073741824  2147483647  0  65535  69  69  662  
2828833792  2828834815  3050766336  3050831871  0  65535  0  65535  26  
2898884060  2898884061  434937331  434937331  0  65535  9003  9003  907  
1390054190  1390054191  3265813504  3265813631  161  161  0  65535  576  
2831956096  2831956127  344758560  344758591  0  65535  9003  9003  544  
1389887488  1390018559  1390084096  1390149631  0  65535  69  69  394  
0  4294967295  2174988682  2174988683  25  25  0  65535  402  
1458250443  1458250443  3635150454  3635150454  0  65535  4899  4899  934  
378981376  378982399  374091520  374091647  0  65535  0  65535  145  
2828837760  2828837887  2898857728  2898857983  0  65535  0  65535  305  
2898884062  2898884062  434937344  434937855  109  110  0  65535  741  
2831956152  2831956153  344759060  344759060  0  65535  1024  65535  699  
1458262016  1458262527  378980864  378981375  0  65535  53  53  484  
2831956152  2831956153  320825814  320825814  0  65535  1024  65535  700  
2828861440  2828926975  344759070  344759071  0  65535  1024  65535  428  
2898788352  2898853887  320825344  320825599  0  65535  0  65535  53  
3624068096  3624069119  7512234  7512235  0  65535  25  25  531  
2828833024  2828833279  374139648  374139903  0  65535  113  113  520  
2828833024  2828833279  374091754  374091754  0  65535  162  162  778  
1390018560  1390051327  378980580  378980581  0  65535  1024  65535  448  
2828836864  2828837375  374139392  374139519  0  65535  0  65535  169  
3624061426  3624061427  3597703018  3597703018  0  65535  1024  65535  703  
378978304  378980351  7512320  7512575  0  65535  0  65535  91  
3344729088  3344729343  3344728064  3344744447  0  65535  0  65535  80  
378981376  378982399  1296175360  1296175615  0  65535  0  65535  105  
2898883584  2898883839  3344740764  3344740765  0  65535  9003  9003  572  
2828833280  2828833791  2898857600  2898857727  0  65535  0  65535  168  
1390053888  1390054143  378980608  378980863  0  65535  0  65535  216  
2898884062  2898884062  434937088  434937215  20  23  0  65535  742  
1458176000  1458241535  3635150592  3635150847  0  65535  0  65535  50  
1390054400  1390055423  378929152  378961919  0  65535  0  65535  98  
378980600  378980601  7512230  7512230  0  65535  1024  65535  698  
1390054176  1390054183  378980352  378980479  0  65535  0  65535  388  
2828837652  2828837653  344770982  344770982  0  65535  80  80  904  
3624061425  3624061425  3344743936  3344744191  5632  5632  0  65535  793  
1458250464  1458250495  3399274496  3399274751  0  65535  0  65535  349  
2828845056  2828861439  344719360  344850431  0  65535  0  65535  412  
1390054272  1390054399  378980582  378980582  0  65535  69  69  808  
3624067584  3624068095  3344744378  3344744378  0  65535  20  21  744  
2147483648  4294967295  323637066  323637066  0  65535  143  143  649  
1458274304  1458307071  378798791  378798791  69  69  0  65535  706  
1390054190  1390054191  3341353600  3341353727  53  53  0  65535  575  
1660138252  1660138252  3725414553  3725414553  161  161  69  69  971  
378988544  378988799  3804718336  3804718591  1433  1433  0  65535  517  
2828833792  2828834815  2731278336  2731343871  0  65535  0  65535  25  
1458269696  1458270207  0  4294967295  0  65535  69  69  131  
1390054189  1390054189  3341353728  3341353983  5540  5540  0  65535  784  
2828837652  2828837653  3344744376  3344744377  0  65535  139  139  621  
2898884063  2898884063  323637064  323637065  0  65535  143  143  883  
2147483648  4294967295  344758320  344758323  161  161  0  65535  411  
1458269600  1458269601  3435294383  3435294383  0  65535  25  25  916  
383647744  383680511  3801157316  3801157317  0  65535  25  25  513  
2828832768  2828832775  374091520  374091647  0  65535  0  65535  389  
2828832896  2828833023  374139536  374139551  0  65535  7000  7000  528  
3344729353  3344729353  2147483648  4294967295  161  161  0  65535  661  
0  4294967295  2893562300  2893562301  1645  1646  0  65535  397  
0  4294967295  2244451360  2244451375  0  65535  0  65535  334  
1660138252  1660138252  378919424  378919551  5631  5631  0  65535  837  
3624075264  3624140799  7514112  7516159  0  65535  0  65535  23  
1458269602  1458269602  3435294208  3435294335  20  23  0  65535  766  
2147483648  4294967295  2131694432  2131694432  5500  5500  0  65535  657  
2828832896  2828833023  3344744378  3344744378  0  65535  0  65535  645  
2828832768  2828832775  3050791424  3050791935  0  65535  0  65535  374  
2133556532  2133556533  1794971648  1794971775  500  500  0  65535  577  
378929152  379060223  3804718208  3804718335  0  65535  0  65535  456  
1390053888  1390054143  378929152  378994687  0  65535  0  65535  191  
1390053376  1390053887  378980582  378980582  0  65535  69  69  745  
3344730112  3344732159  2131694464  2131694591  0  65535  0  65535  393  
378980603  378980603  7512230  7512230  0  65535  514  514  939  
2898883840  2898883967  3041606396  3041606396  0  65535  69  69  814  
2898884060  2898884061  434937331  434937331  0  65535  1024  65535  702  
2898919424  2899050495  3344740608  3344740735  0  65535  0  65535  46  
1458262528  1458262783  1296171008  1296302079  0  65535  0  65535  27  
1458251776  1458253823  378798848  378799103  0  65535  0  65535  90  
2898883840  2898883967  320825344  320825599  0  65535  53  53  518  
378989046  378989046  434936832  434937087  22  22  0  65535  788  
1458262016  1458262527  3265813504  3265813631  0  65535  0  65535  439  
1390054189  1390054189  3265813504  3265813631  123  123  0  65535  836  
0  4294967295  2244411392  2244476927  0  65535  119  119  43  
3624068096  3624069119  3624067178  3624067179  5510  5510  0  65535  548  
378980352  378980479  3804718108  3804718108  0  65535  53  53  810  
1390053376  1390053887  3341353728  3341353983  0  65535  0  65535  425  
1390018560  1390051327  378929152  378961919  0  65535  0  65535  22  
1458269184  1458269439  3435293696  3435294207  0  65535  0  65535  241  
2898884063  2898884063  2147483648  4294967295  1433  1433  0  65535  658  
2898884056  2898884059  434937328  434937329  0  65535  1024  65535  487  
2828832832  2828832895  3050791256  3050791257  0  65535  9003  9003  601  
1458250496  1458250751  3624009728  3624042495  0  65535  0  65535  183  
378989056  378989567  3801155249  3801155249  0  65535  0  65535  626  
378980608  378980863  434937328  434937329  0  65535  69  69  565  
378980608  378980863  1296175232  1296175359  0  65535  0  65535  293  
3624067072  3624067199  2898855508  2898855508  0  65535  9003  9003  816  
2828861440  2828926975  374139532  374139533  0  65535  1024  65535  427  
0  4294967295  2174970112  2174970367  0  65535  524  524  205  
2828832832  2828832895  374091752  374091753  0  65535  113  113  602  
2133544960  2133547007  3725414400  3725414527  0  65535  0  65535  119  
3624067231  3624067231  434937332  434937335  5530  5530  80  80  968  
0  4294967295  2853979116  2853979116  0  65535  69  69  637  
1458262016  1458262527  3435294372  3435294372  0  65535  80  80  748  
3624061952  3624062975  2147483648  4294967295  0  65535  514  514  172  
1390054189  1390054189  3341353728  3341353983  143  143  0  65535  783  
1390054189  1390054189  378980582  378980582  0  65535  143  143  924  
1390054208  1390054271  1384527145  1384527145  0  65535  69  69  846  
0  4294967295  2231642688  2231642751  0  65535  0  65535  239  
2898883968  2898884031  3050799104  3050799359  0  65535  0  65535  346  
378980864  378981375  434896896  434929663  0  65535  0  65535  55  
1390054144  1390054175  1296200192  1296200703  0  65535  0  65535  313  
3624061184  3624061311  7512233  7512233  0  65535  9003  9003  819  
3624061425  3624061425  3624041430  3624041431  0  65535  69  69  887  
378980864  378981375  344770560  344770815  0  65535  0  65535  149  
3624060928  3624061183  3344744378  3344744378  0  65535  69  69  781  
1390053888  1390054143  3341471025  3341471025  0  65535  1024  65535  674  
1390084096  1390149631  1296199936  1296200063  0  65535  0  65535  63  
378980603  378980603  3804718108  3804718108  53  53  0  65535  960  
1390054189  1390054189  3341471025  3341471025  0  65535  22  22  925  
1458262866  1458262866  3435294374  3435294375  0  65535  80  80  876  
1458269602  1458269602  1585005139  1585005139  0  65535  25  25  930  
378980544  378980575  3804718112  3804718143  0  65535  143  143  543  
3624067232  3624067263  7512192  7512223  0  65535  0  65535  391  
1390054189  1390054189  3265813697  3265813697  0  65535  53  53  962  
1390054189  1390054189  3344740824  3344740825  0  65535  1024  65535  688  
3624061425  3624061425  3344744378  3344744378  143  143  0  65535  923  
1458269696  1458270207  3435294383  3435294383  0  65535  1024  65535  670  
2828861440  2828926975  344770982  344770982  0  65535  80  80  694  
2147483648  4294967295  323637066  323637066  161  161  0  65535  655  
2828837760  2828837887  344770980  344770981  0  65535  20  23  561  
2131693568  2131694079  3635085312  3635150847  0  65535  0  65535  409  
1390054189  1390054189  3265813504  3265814527  20  23  0  65535  720  
0  4294967295  2174969911  2174969911  161  161  0  65535  631  
2898883968  2898884031  3344740864  3344741375  0  65535  0  65535  331  
378980608  378980863  3804626944  3804758015  0  65535  0  65535  252  
2898883840  2898883967  320825344  320825599  0  65535  0  65535  306  
3624067228  3624067229  7512192  7512223  25  25  0  65535  614  
2828832896  2828833023  2730196480  2730196735  0  65535  0  65535  303  
1390053376  1390053887  3341451264  3341484031  0  65535  0  65535  356  
378980603  378980603  1296175108  1296175108  0  65535  69  69  964  
3624067228  3624067229  2898855508  2898855508  0  65535  514  514  909  
2898884064  2898884095  3344740766  3344740766  0  65535  0  65535  668  
1458268160  1458269183  0  2147483647  0  65535  53  53  123  
2828832782  2828832782  2730196608  2730196735  5631  5631  0  65535  823  
2828832782  2828832782  374090752  374091263  5530  5530  0  65535  733  
1390053888  1390054143  0  4294967295  0  65535  69  69  188  
2828833792  2828834815  374079488  374145023  0  65535  0  65535  323  
1458263040  1458264063  378980582  378980582  0  65535  69  69  725  
2898884063  2898884063  323637066  323637066  0  65535  514  514  966  
378980600  378980601  3804692480  3804758015  1024  65535  0  65535  462  
1458262528  1458262783  3435294372  3435294372  0  65535  25  25  774  
378980352  378980479  3804718592  3804719103  0  65535  0  65535  212  
2828832896  2828833023  374139534  374139534  0  65535  514  514  812  
3624067072  3624067199  3725414576  3725414577  0  65535  69  69  591  
2828832832  2828832895  3344744378  3344744378  0  65535  1024  65535  679  
0  2147483647  3341471232  3341471743  0  65535  0  65535  133  
383682824  383682825  1139009037  1139009037  0  65535  69  69  898  
1390084096  1390149631  3265789952  3265822719  0  65535  1433  1433  449  
378929152  378961919  3801155072  3801155583  0  65535  0  65535  160  
1390054400  1390055423  3265814016  3265814527  0  65535  0  65535  437  
2898884063  2898884063  320825811  320825811  0  65535  1024  65535  715  
1458262912  1458263039  378980582  378980582  0  65535  0  65535  644  
2828833024  2828833279  374091264  374091519  0  65535  69  69  512  
1709942462  1709942462  3725414583  3725414583  0  65535  162  162  936  
1390054208  1390054271  378980864  378981375  0  65535  0  65535  281  
3624067072  3624067199  7512230  7512230  0  65535  9003  9003  818  
2131694080  2131694335  3635116032  3635116287  0  65535  0  65535  410  
3344729600  3344730111  2896977664  2896977919  0  65535  0  65535  156  
0  4294967295  2828816384  2828816895  0  65535  0  65535  109  
378980864  378981375  3804725248  3804758015  0  65535  0  65535  254  
2828832896  2828833023  374139532  374139533  0  65535  1024  65535  476  
1390054192  1390054207  3344695296  3344760831  0  65535  0  65535  371  
378989044  378989045  320825814  320825814  0  65535  53  53  897  
0  2147483647  3804718336  3804718591  0  65535  9003  9003  251  
2831956224  2831956479  3344695296  3344728063  0  65535  0  65535  209  
2898884063  2898884063  320825808  320825809  0  65535  514  514  882  
1390054189  1390054189  1390054272  1390054399  109  110  0  65535  806  
2831956224  2831956479  320825600  320825727  0  65535  0  65535  297  
378980603  378980603  7512576  7513087  25  25  0  65535  732  
1390054184  1390054187  3265813697  3265813697  0  65535  5520  5520  869  
0  4294967295  2853978624  2853979135  1433  1433  0  65535  125  
0  4294967295  3880778016  3880778031  0  65535  0  65535  333  
2898919424  2899050495  0  4294967295  0  65535  0  65535  8  
1660137472  1660137983  3725414552  3725414552  0  65535  25  25  751  
0  4294967295  2174969908  2174969909  0  65535  1024  65535  367  
2831956480  2831956991  3050799415  3050799415  0  65535  137  137  759  
1458269184  1458269439  3399221248  3399352319  0  65535  0  65535  240  
2828833280  2828833791  3344695296  3344760831  0  65535  0  65535  162  
378980608  378980863  1296171008  1296302079  0  65535  0  65535  195  
383682826  383682826  1138799360  1138799615  25  25  0  65535  789  
2828837652  2828837653  3344744192  3344744319  0  65535  514  514  580  
2898883968  2898884031  0  4294967295  0  65535  0  65535  321  
1458250440  1458250441  3624057376  3624057376  0  65535  1646  1646  895  
1458263040  1458264063  378798592  378798719  0  65535  0  65535  144  
1390054189  1390054189  1296200140  1296200143  0  65535  1024  65535  684  
2831956224  2831956479  3050799415  3050799415  0  65535  80  80  780  
1458269602  1458269602  3435294464  3435294719  161  161  0  65535  786  
3624067230  3624067230  0  2147483647  161  161  0  65535  660  
2898883840  2898883967  3050799416  3050799423  0  65535  9003  9003  550  
2828832780  2828832781  2147483648  4294967295  1024  65535  0  65535  447  
1458250496  1458250751  378798828  378798828  0  65535  113  113  804  
378989056  378989567  3801155200  3801155263  0  65535  0  65535  266  
3624067231  3624067231  434937328  434937329  0  65535  143  143  886  
2828832896  2828833023  374139536  374139551  0  65535  113  113  529  
378989046  378989046  3804718110  3804718111  0  65535  53  53  878  
1390054190  1390054191  378980582  378980582  143  143  0  65535  870  
2832007168  2832072703  3344695296  3344760831  0  65535  514  514  432  
1458250443  1458250443  1585005152  1585005183  20  23  0  65535  833  
1390054189  1390054189  3341353728  3341353983  161  161  0  65535  785  
3624067328  3624067583  2898853888  2898919423  0  65535  0  65535  78  
378989046  378989046  3801155344  3801155345  0  65535  1024  65535  690  
1390053888  1390054143  3341471104  3341471231  0  65535  0  65535  359  
1710323200  1710323455  378798848  378799103  0  65535  0  65535  454  
3624067584  3624068095  7512320  7512575  0  65535  3389  3389  504  
0  2147483647  3635116060  3635116063  5520  5520  0  65535  407  
2898884062  2898884062  3344740864  3344741375  5500  5500  0  65535  770  
2898884096  2898884607  3344695296  3344760831  0  65535  0  65535  140  
1390053376  1390053887  378980582  378980582  5510  5510  0  65535  735  
1390054190  1390054191  1378567885  1378567885  0  65535  69  69  893  
2831956480  2831956991  3050791233  3050791233  0  65535  161  161  758  
3344733256  3344733256  2893562254  2893562254  0  65535  25  25  959  
1390054272  1390054399  0  4294967295  0  65535  0  65535  230  
2898883584  2898883839  434936832  434937087  0  65535  0  65535  280  
378929152  378961919  3804692480  3804758015  0  65535  514  514  455  
0  4294967295  2244451328  2244451839  5632  5632  0  65535  126  
3624067232  3624067263  3635150336  3635150847  0  65535  0  65535  314  
2898884063  2898884063  320825856  320826367  161  161  0  65535  769  
2898884060  2898884061  434937088  434937215  20  23  0  65535  547  
1390054189  1390054189  3341471015  3341471015  0  65535  9003  9003  961  
1458176000  1458241535  378798828  378798828  0  65535  22  22  705  
2831956156  2831956159  320825344  320825599  20  23  0  65535  530  
3624060928  3624061183  3344743936  3344744191  0  65535  0  65535  223  
2831956480  2831956991  3344743936  3344744191  0  65535  0  65535  153  
0  4294967295  2893545472  2893676543  0  65535  0  65535  16  
1390054272  1390054399  3341471026  3341471027  0  65535  69  69  582  
1390054272  1390054399  3265814016  3265814527  0  65535  80  80  506  
2147483648  4294967295  374138880  374139391  53  53  0  65535  187  
1390054190  1390054191  3341470720  3341470975  109  110  0  65535  553  
3624067584  3624068095  434937088  434937215  0  65535  0  65535  276  
1390054190  1390054191  1390054196  1390054196  0  65535  80  80  890  
1390054190  1390054191  378980544  378980575  1645  1646  0  65535  606  
2898882560  2898883583  320831488  320864255  0  65535  0  65535  34  
1458266112  1458268159  3435266048  3435298815  0  65535  0  65535  24  
0  2147483647  3801155225  3801155225  0  65535  80  80  647  
3344733184  3344733247  1788362240  1788362495  0  65535  0  65535  348  
2898883840  2898883967  320825728  320825791  0  65535  0  65535  353  
0  2147483647  3341353728  3341353983  0  65535  0  65535  229  
2828837760  2828837887  344771008  344771071  0  65535  0  65535  351  
2147483648  3221225471  344759102  344759102  20  23  0  65535  632  
2898883584  2898883839  320825344  320825599  0  65535  0  65535  278  
2828832780  2828832781  374091754  374091754  0  65535  53  53  900  
1390054189  1390054189  3341471232  3341471743  1645  1646  0  65535  740  
3624067072  3624067199  3344744378  3344744378  0  65535  1024  65535  678  
2898883840  2898883967  3038826496  3038826751  0  65535  0  65535  309  
1458249728  1458250239  378798592  378799103  0  65535  69  69  490  
0  4294967295  2174988681  2174988681  0  65535  1433  1433  638  
2828837888  2828838911  344758784  344759295  0  65535  0  65535  88  
3624075264  3624140799  7512320  7512575  0  65535  0  65535  54  
378988544  378988799  1139009035  1139009035  0  65535  1433  1433  777  
2828832896  2828833023  374091760  374091775  0  65535  0  65535  381  
2147483648  4294967295  344758331  344758331  0  65535  69  69  648  
0  2147483647  3399275109  3399275109  80  80  0  65535  652  
1458263040  1458264063  1390051968  1390052095  0  65535  0  65535  143  
1390053888  1390054143  0  4294967295  0  65535  6699  6699  189  
3344733256  3344733256  1876142592  1876142719  161  161  0  65535  832  
1390054400  1390055423  0  4294967295  0  65535  514  514  96  
1458269696  1458270207  3435294383  3435294383  0  65535  514  514  749  
1390084096  1390149631  3341353536  3341353599  0  65535  0  65535  81  
3624009728  3624042495  0  4294967295  0  65535  0  65535  45  
2828832780  2828832781  0  4294967295  25  25  0  65535  414  
378980608  378980863  0  4294967295  0  65535  69  69  194  
0  4294967295  2174969856  2174970367  0  65535  0  65535  110  
378989056  378989567  1296175360  1296175615  0  65535  0  65535  150  
3624067072  3624067199  7512230  7512230  0  65535  69  69  817  
2898886656  2898919423  320825344  320825599  0  65535  0  65535  71  
0  4294967295  2147483648  4294967295  0  65535  0  65535  3  
1458176000  1458241535  3624009728  3624140799  0  65535  69  69  395  
2831956154  2831956154  344758723  344758723  0  65535  69  69  946  
2133582336  2133582847  378798720  378798783  0  65535  514  514  516  
378980352  378980479  1296175108  1296175108  0  65535  514  514  809  
383713280  383778815  3880632453  3880632453  0  65535  20  23  682  
2898882560  2898883583  3050799104  3050831871  0  65535  0  65535  35  
2898883584  2898883839  323636736  323636991  0  65535  0  65535  279  
1458250440  1458250441  378798080  378830847  20  23  0  65535  486  
1390054144  1390054175  378980582  378980582  0  65535  514  514  852  
1390054272  1390054399  1296200704  1296201727  0  65535  0  65535  231  
1390054208  1390054271  1296200192  1296200703  0  65535  0  65535  466  
378989046  378989046  3801155346  3801155346  0  65535  1024  65535  711  
2828837654  2828837654  344759168  344759295  1645  1646  0  65535  767  
2147483648  4294967295  374091712  374091743  0  65535  0  65535  322  
383682944  383683071  3801157120  3801157375  0  65535  0  65535  302  
0  4294967295  2174969894  2174969895  5500  5500  0  65535  401  
3624067230  3624067230  7512230  7512230  0  65535  69  69  953  
2828837654  2828837654  2724501440  2724501471  161  161  0  65535  851  
1390054189  1390054189  378980580  378980581  0  65535  1024  65535  689  
378980603  378980603  3804692480  3804708863  143  143  0  65535  719  
378980608  378980863  378980352  378980479  0  65535  0  65535  294  
2133581919  2133581919  2017876339  2017876339  0  65535  80  80  935  
378980608  378980863  7512228  7512229  0  65535  1645  1646  540  
0  2147483647  3804718098  3804718098  500  500  0  65535  654  
1390054189  1390054189  378980544  378980575  161  161  0  65535  859  
1458262866  1458262866  3435266048  3435331583  20  23  0  65535  681  
3344729088  3344729343  2131694080  2131694335  0  65535  80  80  521  
3623878656  3624009727  2898853888  2898886655  0  65535  0  65535  77  
2828833280  2828833791  374091264  374091519  0  65535  0  65535  326  
1390053888  1390054143  1384527280  1384527280  0  65535  23  23  773  
1390054144  1390054175  378980544  378980575  0  65535  514  514  542  
0  4294967295  2893561856  2893562111  0  65535  1433  1433  202  
2828833024  2828833279  3344744384  3344744447  0  65535  0  65535  340  
1390054189  1390054189  0  4294967295  53  53  0  65535  633  
2831956152  2831956153  3344744378  3344744378  0  65535  162  162  905  
3344729600  3344730111  2017876320  2017876335  0  65535  0  65535  370  
0  4294967295  2210624256  2210624319  0  65535  0  65535  238  
0  4294967295  2174988672  2174988799  0  65535  162  162  286  
3344695296  3344728063  2893561856  2893562111  0  65535  0  65535  204  
2898883584  2898883839  3344740864  3344741375  143  143  0  65535  496  
3624067231  3624067231  7512230  7512230  0  65535  514  514  967  
383647744  383778815  3880632320  3880632447  0  65535  0  65535  363  
2898884060  2898884061  2898857524  2898857524  0  65535  69  69  918  
3624067230  3624067230  2898855424  2898855487  5510  5510  0  65535  844  
0  2147483647  3624041417  3624041417  0  65535  53  53  646  
3221225472  4294967295  7512233  7512233  0  65535  53  53  666  
2898883584  2898883839  0  4294967295  0  65535  69  69  199  
2898883584  2898883839  323616768  323747839  0  65535  0  65535  277  
378989046  378989046  3801155456  3801155583  161  161  0  65535  839  
1458262866  1458262866  378798830  378798831  0  65535  5631  5631  877  
2828837760  2828837887  2828837632  2828837887  0  65535  0  65535  470  
2898884062  2898884062  434937088  434937215  25  25  0  65535  828  
2147483648  4294967295  7512233  7512233  53  53  0  65535  656  
0  4294967295  2364669952  2364801023  0  65535  0  65535  15  
378980608  378980863  7512228  7512229  0  65535  514  514  566  
1709953280  1709953535  3725414560  3725414575  0  65535  0  65535  472  
1458262848  1458262855  0  4294967295  0  65535  0  65535  361  
2828837376  2828837631  2898857491  2898857491  0  65535  514  514  779  
2898884062  2898884062  434937331  434937331  0  65535  514  514  952  
2828837654  2828837654  344770982  344770982  0  65535  9003  9003  943  
378980603  378980603  3804718108  3804718108  0  65535  80  80  938  
3344729457  3344729457  2137215232  2137215487  25  25  0  65535  795  
2898884062  2898884062  434937216  434937279  0  65535  69  69  841  
378980480  378980543  3804718098  3804718098  0  65535  1812  1813  799  
1458250240  1458250367  0  4294967295  0  65535  0  65535  235  
3624075264  3624140799  3725393920  3725426687  0  65535  0  65535  79  
2898884063  2898884063  3344740766  3344740766  0  65535  80  80  949  
1458250240  1458250367  1296203520  1296203775  0  65535  0  65535  469  
2898886656  2898919423  3344741376  3344742399  0  65535  0  65535  31  
1390053376  1390053887  3265813760  3265814015  0  65535  9003  9003  498  
1458262860  1458262861  3265813504  3265813631  20  20  0  65535  592  
0  2147483647  3341467648  3341469695  0  65535  0  65535  59  
383682304  383682431  3880632454  3880632455  0  65535  69  69  587  
3624067228  3624067229  3344744320  3344744351  22  22  0  65535  611  
3344729354  3344729355  0  4294967295  0  65535  80  80  418  
383683072  383683583  1139009024  1139009279  0  65535  69  69  500  
3624009728  3624042495  3604457984  3604458239  0  65535  0  65535  72  
3624068096  3624069119  3344744320  3344744351  0  65535  0  65535  464  
2898884096  2898884607  3038838784  3038904319  0  65535  0  65535  138  
1458274304  1458307071  3435293696  3435294207  0  65535  0  65535  41  
378989046  378989046  434937331  434937331  0  65535  1024  65535  713  
1390054189  1390054189  378980582  378980582  0  65535  1646  1646  927  
3624067584  3624068095  0  2147483647  0  65535  0  65535  113  
1390054189  1390054189  3341353486  3341353487  0  65535  137  137  872  
378980608  378980863  0  4294967295  0  65535  0  65535  175  
0  4294967295  2719968096  2719968097  1645  1646  0  65535  399  
1390054190  1390054191  1296200186  1296200186  0  65535  514  514  891  
2828833280  2828833791  3344744384  3344744447  0  65535  0  65535  267  
378989056  378989567  0  4294967295  0  65535  53  53  132  
3624067230  3624067230  7512064  7512191  109  110  0  65535  807  
383680512  383681535  0  4294967295  0  65535  514  514  106  
0  2147483647  3344740826  3344740826  5540  5540  0  65535  650  
1390084096  1390149631  3265814016  3265814527  0  65535  0  65535  450  
0  2147483647  3341353728  3341353983  0  65535  69  69  244  
378988544  378988799  3801157248  3801157311  0  65535  0  65535  467  
1458262862  1458262862  3265813707  3265813707  0  65535  1024  65535  708  
378989056  378989567  1296175112  1296175119  0  65535  0  65535  373  
1458262528  1458262783  3435294374  3435294375  0  65535  80  80  563  
0  4294967295  3880777984  3880778111  0  65535  25  25  315  
1458250443  1458250443  3624041409  3624041409  0  65535  69  69  932  
1390053888  1390054143  3344740864  3344741375  0  65535  69  69  488  
3624061425  3624061425  2898855489  2898855489  0  65535  1024  65535  717  
378980864  378981375  3804718208  3804718335  0  65535  0  65535  459  
1458250240  1458250367  3635129600  3635129855  0  65535  0  65535  301  
0  4294967295  2210646272  2210646527  0  65535  0  65535  174  
2828832783  2828832783  3050791264  3050791295  5632  5632  0  65535  861  
1390018560  1390051327  378980608  378980863  0  65535  0  65535  67  
2898884062  2898884062  434937331  434937331  80  80  0  65535  922  
378929152  378961919  3804718208  3804718335  0  65535  0  65535  463  
0  4294967295  3880777984  3880778239  0  65535  69  69  201  
0  4294967295  2174964992  2174965247  0  65535  0  65535  173  
1458269696  1458270207  378798592  378798719  0  65535  0  65535  166  
0  4294967295  2210624414  2210624414  0  65535  137  137  639  
3624075264  3624140799  7512064  7512191  0  65535  0  65535  66  
0  2147483647  3624057344  3624057855  0  65535  0  65535  134  
2831956480  2831956991  2831980259  2831980259  5530  5530  0  65535  739  
3344729376  3344729407  3435294374  3435294375  0  65535  5500  5500  613  
2828833792  2828834815  378878464  378878591  0  65535  0  65535  426  
1390054189  1390054189  3265813728  3265813759  161  161  0  65535  858  
0  4294967295  2626889974  2626889975  0  65535  109  110  416  
3344760832  3344826367  0  4294967295  0  65535  0  65535  18  
3624061425  3624061425  1138799136  1138799136  0  65535  143  143  955  
1390067712  1390084095  1296202752  1296203263  0  65535  0  65535  62  
2898883840  2898883967  3344743936  3344744191  0  65535  0  65535  307  
2898884063  2898884063  320825814  320825814  0  65535  514  514  948  
3624060928  3624061183  2896977408  2896977919  0  65535  0  65535  158  
3344729457  3344729457  2131694436  2131694436  0  65535  5540  5540  956  
2898788352  2898853887  0  2147483647  0  65535  0  65535  11  
1458250443  1458250443  0  4294967295  0  65535  161  161  629  
1458262860  1458262861  3265813632  3265813695  22  22  0  65535  593  
1390054189  1390054189  378980582  378980582  0  65535  80  80  926  
2147483648  4294967295  374091264  374091519  0  65535  53  53  260  
2898884096  2898884607  2831980032  2831980543  0  65535  0  65535  285  
378989046  378989046  374089728  374090751  20  23  0  65535  721  
2898884060  2898884061  434937331  434937331  0  65535  1645  1645  919  
2831956224  2831956479  344758784  344759295  0  65535  0  65535  430  
1390054184  1390054187  3341353485  3341353485  0  65535  1024  65535  683  
3624061440  3624061951  7513088  7514111  0  65535  0  65535  114  
1458262862  1458262862  3435294208  3435294335  500  500  0  65535  822  
0  2147483647  3265813698  3265813699  0  65535  80  80  435  
2831956480  2831956991  344758528  344758783  0  65535  0  65535  152  
1458250496  1458250751  378798788  378798789  0  65535  20  21  539  
383682824  383682825  7512230  7512230  0  65535  69  69  917  
1390054190  1390054191  378980582  378980582  0  65535  69  69  892  
0  4294967295  2632446595  2632446595  0  65535  162  162  641  
2831955968  2831956095  320798720  320864255  0  65535  0  65535  269  
2828861440  2828926975  2174970112  2174970367  0  65535  0  65535  206  
1458262848  1458262855  1515099136  1515099391  0  65535  0  65535  378  
2828838912  2828840959  344759168  344759295  0  65535  0  65535  120  
1458250368  1458250431  3624067204  3624067205  0  65535  514  514  598  
1390054272  1390054399  1296200128  1296200129  0  65535  69  69  581  
378989044  378989045  3804718336  3804718591  161  161  0  65535  573  
2828833024  2828833279  2730196608  2730196735  0  65535  0  65535  295  
2898883968  2898884031  3344741376  3344742399  0  65535  0  65535  330  
1458262862  1458262862  3435294372  3435294372  0  65535  1024  65535  709  
2828833280  2828833791  378898304  378898431  0  65535  25  25  509  
2898884060  2898884061  2898857524  2898857524  0  65535  9003  9003  906  
2831956224  2831956479  2147483648  4294967295  0  65535  0  65535  208  
2898884096  2898884607  2893562252  2893562252  0  65535  5530  5530  761  
2828861440  2828926975  3050791424  3050791935  0  65535  0  65535  124  
378980352  378980479  378958290  378958291  0  65535  514  514  586  
1458250496  1458250751  378798720  378798783  0  65535  0  65535  336  
3624067328  3624067583  2898857472  2898857487  0  65535  0  65535  375  
1390053888  1390054143  3341353485  3341353485  0  65535  1024  65535  673  
1458262528  1458262783  3265813760  3265814015  0  65535  69  69  511  
2898883840  2898883967  323636736  323636991  0  65535  0  65535  308  
3624075264  3624140799  2898853888  2898919423  0  65535  514  514  433  
3624061428  3624061431  2896977877  2896977877  20  21  0  65535  862  
2828837632  2828837647  344771008  344771071  5510  5510  0  65535  541  
2898883968  2898884031  2724478720  2724478975  0  65535  0  65535  347  
2898878464  2898882559  323637072  323637087  0  65535  0  65535  164  
2898884048  2898884055  323637064  323637065  0  65535  9003  9003  616  
378989046  378989046  3801155346  3801155346  0  65535  514  514  941  
2147483648  4294967295  7471104  7602175  0  65535  0  65535  10  
2898882560  2898883583  434937088  434937215  0  65535  0  65535  275  
2828861440  2828926975  374139648  374139903  0  65535  0  65535  51  
383682560  383682815  434896896  434962431  0  65535  0  65535  48  
2898883584  2898883839  3041629262  3041629262  0  65535  514  514  805  
1458262912  1458263039  3435294380  3435294381  0  65535  514  514  585  
3344729472  3344729599  2131693568  2131694079  0  65535  0  65535  273  
378994688  379060223  3804718108  3804718108  0  65535  7777  7777  693  
2898884062  2898884062  2147483648  4294967295  161  161  0  65535  659  
383683072  383683583  1139009024  1139009279  0  65535  0  65535  151  
2898884060  2898884061  0  4294967295  123  123  0  65535  415  
3344729600  3344730111  2131694440  2131694440  0  65535  32774  32774  763  
2898884096  2898884607  434937331  434937331  0  65535  69  69  771  
0  4294967295  0  4294967295  0  65535  69  69  1  
2831956224  2831956479  320825812  320825813  0  65535  1433  1433  570  
378980603  378980603  1296175360  1296175615  0  65535  1024  65535  672  
378980608  378980863  3804718100  3804718103  0  65535  109  110  526  
2828832782  2828832782  374091712  374091743  161  161  0  65535  850  
1390054192  1390054207  1296199936  1296200063  25  25  0  65535  534  
378980864  378981375  1296175108  1296175108  161  161  0  65535  737  
3624061440  3624061951  1138799104  1138799615  0  65535  0  65535  118  
2898884063  2898884063  3344744192  3344744319  5540  5540  0  65535  827  
378980600  378980601  3804718112  3804718143  53  53  0  65535  608  
0  4294967295  2174988672  2174988799  53  53  0  65535  261  
1390053888  1390054143  1515099140  1515099140  0  65535  137  137  803  
3624067584  3624068095  7512230  7512230  0  65535  162  162  762  
1458250443  1458250443  3624057388  3624057388  0  65535  80  80  933  
2828833280  2828833791  0  4294967295  0  65535  53  53  161  
378980603  378980603  1296175108  1296175108  0  65535  514  514  937  
1390053888  1390054143  0  4294967295  0  65535  0  65535  181  
1458250368  1458250431  1296202752  1296203263  0  65535  0  65535  282  
2898883584  2898883839  3344740352  3344740607  0  65535  0  65535  220  
378980603  378980603  3804718112  3804718143  5540  5540  0  65535  848  
1390054400  1390055423  3265789952  3265822719  0  65535  0  65535  436  
383647744  383778815  1139009037  1139009037  0  65535  109  110  685  
1390053888  1390054143  3265813698  3265813699  161  161  0  65535  559  
378929152  378961919  1296175360  1296175615  0  65535  0  65535  69  
378980576  378980591  3804692480  3804758015  0  65535  0  65535  458  
3344728064  3344729087  2137212966  2137212966  161  161  0  65535  730  
2828832768  2828832775  2730196710  2730196711  0  65535  514  514  615  
383647744  383680511  3801157120  3801157375  0  65535  0  65535  70  
0  2147483647  3880632512  3880632575  0  65535  514  514  360  
2828836864  2828837375  374139534  374139534  0  65535  514  514  757  
2898884096  2898884607  320825811  320825811  0  65535  5500  5500  760  
383682944  383683071  378980580  378980581  5632  5632  0  65535  594  
1390054190  1390054191  378980582  378980582  0  65535  1024  65535  696  
1390054189  1390054189  3341353486  3341353487  0  65535  80  80  873  
1390053376  1390053887  378980480  378980543  0  65535  0  65535  263  
2828861440  2828926975  344770560  344771071  0  65535  0  65535  30  
1390054192  1390054207  3344740864  3344741375  0  65535  0  65535  372  
2831956154  2831956154  320825728  320825791  80  80  0  65535  856  
0  4294967295  2475249397  2475249397  0  65535  514  514  642  
3624067231  3624067231  434936832  434937087  161  161  0  65535  790  
1458263040  1458264063  3435294336  3435294367  0  65535  69  69  515  
3624067230  3624067230  7512230  7512230  0  65535  1024  65535  716  
2898884096  2898884607  3344695296  3344957439  0  65535  0  65535  137  
2898884096  2898884607  323616768  323649535  0  65535  0  65535  141  
2898884096  2898884607  320825344  320825599  0  65535  0  65535  154  
2828833024  2828833279  0  4294967295  0  65535  0  65535  176  
2828837652  2828837653  0  4294967295  0  65535  514  514  417  
378989046  378989046  1296175108  1296175108  0  65535  25  25  940  
0  2147483647  3552442411  3552442411  80  80  0  65535  653  
378989056  378989567  1296175232  1296175359  25  25  0  65535  508  
378980603  378980603  434937331  434937331  0  65535  1024  65535  710  
0  4294967295  2147483648  4294967295  0  65535  0  65535  4  
378989056  378989567  3804718336  3804718591  0  65535  0  65535  258  
3344729457  3344729457  2137214990  2137214991  161  161  0  65535  889  
